2 0.05048076923076923 0.7019230769230769 0.05889423076923077 0.055288461538461536
2 0.23197115384615385 0.6658653846153846 0.07932692307692307 0.03485576923076923
2 0.38822115384615385 0.8185096153846154 0.11057692307692307 0.037259615384615384
3 0.6622596153846154 0.47475961538461536 0.030048076923076924 0.07091346153846154
3 0.6394230769230769 0.41225961538461536 0.02403846153846154 0.08052884615384616
3 0.6478365384615384 0.32211538461538464 0.02403846153846154 0.038461538461538464
3 0.6262019230769231 0.2848557692307692 0.030048076923076924 0.052884615384615384
3 0.6069711538461539 0.1971153846153846 0.018028846153846152 0.04326923076923077
3 0.7740384615384616 0.6262019230769231 0.02403846153846154 0.06370192307692307
3 0.7415865384615384 0.6286057692307693 0.03365384615384615 0.05889423076923077
3 0.7632211538461539 0.6995192307692307 0.05048076923076923 0.051682692307692304
3 0.6826923076923077 0.7283653846153846 0.03365384615384615 0.037259615384615384
3 0.671875 0.8125 0.04567307692307692 0.036057692307692304
2 0.056490384615384616 0.35697115384615385 0.06129807692307692 0.021634615384615384
2 0.36778846153846156 0.2776442307692308 0.04447115384615385 0.03245192307692308
2 0.31009615384615385 0.31850961538461536 0.052884615384615384 0.027644230769230768
2 0.4723557692307692 0.4254807692307692 0.036057692307692304 0.04326923076923077
2 0.30288461538461536 0.38822115384615385 0.06129807692307692 0.04567307692307692
2 0.2247596153846154 0.4675480769230769 0.05048076923076923 0.042067307692307696
2 0.34375 0.4807692307692308 0.054086538461538464 0.03245192307692308
2 0.5348557692307693 0.6610576923076923 0.05048076923076923 0.05889423076923077
2 0.36538461538461536 0.6358173076923077 0.06850961538461539 0.04326923076923077
2 0.13581730769230768 0.5661057692307693 0.0673076923076923 0.04326923076923077