2 0.2439903846153846 0.30649038461538464 0.042067307692307696 0.03365384615384615
3 0.5925480769230769 0.2824519230769231 0.026442307692307692 0.06009615384615385
3 0.5853365384615384 0.39783653846153844 0.028846153846153848 0.06009615384615385
2 0.07451923076923077 0.34615384615384615 0.054086538461538464 0.04447115384615385
2 0.2247596153846154 0.23076923076923078 0.036057692307692304 0.027644230769230768
2 0.33653846153846156 0.2536057692307692 0.05048076923076923 0.038461538461538464
2 0.3485576923076923 0.7668269230769231 0.04567307692307692 0.04567307692307692
2 0.22596153846153846 0.7175480769230769 0.06490384615384616 0.036057692307692304
2 0.055288461538461536 0.6899038461538461 0.09615384615384616 0.07211538461538461
2 0.45072115384615385 0.5060096153846154 0.06129807692307692 0.05048076923076923
2 0.3629807692307692 0.6658653846153846 0.0673076923076923 0.06370192307692307
2 0.1310096153846154 0.46875 0.06971153846153846 0.04567307692307692
2 0.44711538461538464 0.3858173076923077 0.052884615384615384 0.027644230769230768
2 0.4098557692307692 0.7956730769230769 0.03245192307692308 0.0625