3 0.6826923076923077 0.5204326923076923 0.02403846153846154 0.06370192307692307
2 0.5300480769230769 0.3713942307692308 0.030048076923076924 0.030048076923076924
2 0.4375 0.28966346153846156 0.06850961538461539 0.03245192307692308
3 0.6069711538461539 0.2824519230769231 0.019230769230769232 0.056490384615384616
3 0.5913461538461539 0.24519230769230768 0.021634615384615384 0.037259615384615384
2 0.2776442307692308 0.2764423076923077 0.07932692307692307 0.04447115384615385
2 0.35336538461538464 0.33413461538461536 0.057692307692307696 0.03485576923076923
2 0.18629807692307693 0.3016826923076923 0.039663461538461536 0.025240384615384616
2 0.36899038461538464 0.23317307692307693 0.030048076923076924 0.027644230769230768
3 0.7043269230769231 0.46274038461538464 0.026442307692307692 0.052884615384615384
2 0.47596153846153844 0.4074519230769231 0.037259615384615384 0.04567307692307692
3 0.6526442307692307 0.47596153846153844 0.036057692307692304 0.06009615384615385
3 0.6862980769230769 0.42427884615384615 0.027644230769230768 0.04807692307692308
3 0.6069711538461539 0.4230769230769231 0.018028846153846152 0.04326923076923077
2 0.4963942307692308 0.7259615384615384 0.04447115384615385 0.046875
2 0.28125 0.5408653846153846 0.06850961538461539 0.037259615384615384
2 0.11177884615384616 0.47475961538461536 0.06129807692307692 0.046875
2 0.36778846153846156 0.47475961538461536 0.05889423076923077 0.036057692307692304
2 0.5288461538461539 0.5048076923076923 0.027644230769230768 0.054086538461538464
2 0.4050480769230769 0.3942307692307692 0.07692307692307693 0.04447115384615385
2 0.1814903846153846 0.3786057692307692 0.07451923076923077 0.052884615384615384
2 0.3173076923076923 0.7848557692307693 0.08052884615384616 0.07692307692307693
2 0.4206730769230769 0.828125 0.03125 0.0625
2 0.13701923076923078 0.7079326923076923 0.11538461538461539 0.052884615384615384