3 0.7139423076923077 0.6346153846153846 0.052884615384615384 0.0625
3 0.6538461538461539 0.4651442307692308 0.020432692307692308 0.078125
2 0.37259615384615385 0.28365384615384615 0.03485576923076923 0.027644230769230768
2 0.28725961538461536 0.30288461538461536 0.025240384615384616 0.018028846153846152
2 0.33413461538461536 0.3485576923076923 0.05048076923076923 0.03365384615384615
2 0.44711538461538464 0.41346153846153844 0.07451923076923077 0.042067307692307696
2 0.20673076923076922 0.453125 0.04807692307692308 0.036057692307692304
2 0.32091346153846156 0.4723557692307692 0.05048076923076923 0.030048076923076924
2 0.35216346153846156 0.6081730769230769 0.08052884615384616 0.040865384615384616
2 0.10336538461538461 0.5456730769230769 0.057692307692307696 0.046875
2 0.03125 0.6634615384615384 0.04927884615384615 0.052884615384615384
2 0.27163461538461536 0.6634615384615384 0.09254807692307693 0.04567307692307692
2 0.37259615384615385 0.8064903846153846 0.08774038461538461 0.03485576923076923
3 0.6045673076923077 0.18389423076923078 0.014423076923076924 0.04326923076923077
3 0.6213942307692307 0.27283653846153844 0.021634615384615384 0.04326923076923077
3 0.6394230769230769 0.30649038461538464 0.02403846153846154 0.055288461538461536
3 0.6286057692307693 0.4050480769230769 0.025240384615384616 0.07932692307692307
3 0.6670673076923077 0.8052884615384616 0.04447115384615385 0.07451923076923077
3 0.6778846153846154 0.7307692307692307 0.04326923076923077 0.046875
3 0.7632211538461539 0.6742788461538461 0.02403846153846154 0.051682692307692304
3 0.7632211538461539 0.6057692307692307 0.039663461538461536 0.04567307692307692
2 0.06370192307692307 0.35697115384615385 0.07932692307692307 0.05048076923076923