3 0.625 0.4651442307692308 0.015625 0.06971153846153846
3 0.6141826923076923 0.2956730769230769 0.02403846153846154 0.04807692307692308
3 0.7007211538461539 0.5745192307692307 0.040865384615384616 0.078125
3 0.6826923076923077 0.46033653846153844 0.030048076923076924 0.07091346153846154
2 0.18870192307692307 0.2644230769230769 0.054086538461538464 0.019230769230769232
2 0.04326923076923077 0.7427884615384616 0.07692307692307693 0.05048076923076923
2 0.2620192307692308 0.8185096153846154 0.08774038461538461 0.04326923076923077
2 0.15625 0.5180288461538461 0.07692307692307693 0.055288461538461536
2 0.22115384615384615 0.4170673076923077 0.04927884615384615 0.037259615384615384
2 0.31971153846153844 0.5 0.04447115384615385 0.027644230769230768
2 0.5096153846153846 0.41346153846153844 0.040865384615384616 0.0625
2 0.38822115384615385 0.3545673076923077 0.036057692307692304 0.030048076923076924
2 0.23076923076923078 0.3233173076923077 0.055288461538461536 0.030048076923076924
2 0.3545673076923077 0.2920673076923077 0.04567307692307692 0.028846153846153848