3 0.6274038461538461 0.296875 0.02283653846153846 0.06610576923076923
2 0.2644230769230769 0.41225961538461536 0.03485576923076923 0.042067307692307696
2 0.11298076923076923 0.4182692307692308 0.057692307692307696 0.054086538461538464
2 0.33653846153846156 0.4807692307692308 0.07211538461538461 0.052884615384615384
2 0.21514423076923078 0.5072115384615384 0.04807692307692308 0.04807692307692308
2 0.49158653846153844 0.5889423076923077 0.08533653846153846 0.03365384615384615
2 0.2848557692307692 0.6189903846153846 0.042067307692307696 0.055288461538461536
2 0.1141826923076923 0.8341346153846154 0.08413461538461539 0.0625
2 0.45552884615384615 0.4074519230769231 0.051682692307692304 0.04567307692307692
3 0.6394230769230769 0.6947115384615384 0.036057692307692304 0.07451923076923077
3 0.65625 0.5096153846153846 0.028846153846153848 0.07932692307692307
3 0.7415865384615384 0.5252403846153846 0.039663461538461536 0.04807692307692308
3 0.7079326923076923 0.5528846153846154 0.03125 0.037259615384615384
3 0.78125 0.6057692307692307 0.05889423076923077 0.06971153846153846
2 0.33774038461538464 0.36778846153846156 0.05048076923076923 0.037259615384615384
2 0.234375 0.35096153846153844 0.04326923076923077 0.019230769230769232
2 0.5576923076923077 0.32211538461538464 0.021634615384615384 0.05889423076923077
2 0.5432692307692307 0.42788461538461536 0.03245192307692308 0.0733173076923077
2 0.40024038461538464 0.2920673076923077 0.04807692307692308 0.020432692307692308
2 0.4855769230769231 0.3293269230769231 0.03485576923076923 0.03485576923076923
2 0.2956730769230769 0.3004807692307692 0.03245192307692308 0.021634615384615384
2 0.35096153846153844 0.4254807692307692 0.05048076923076923 0.030048076923076924