2 0.36658653846153844 0.25600961538461536 0.037259615384615384 0.021634615384615384
2 0.5685096153846154 0.7175480769230769 0.05889423076923077 0.05889423076923077
2 0.27283653846153844 0.7223557692307693 0.06850961538461539 0.042067307692307696
2 0.26802884615384615 0.6502403846153846 0.056490384615384616 0.046875
2 0.3858173076923077 0.5949519230769231 0.06850961538461539 0.03485576923076923
2 0.6069711538461539 0.5901442307692307 0.03485576923076923 0.042067307692307696
2 0.47475961538461536 0.5012019230769231 0.06370192307692307 0.042067307692307696
2 0.19591346153846154 0.5348557692307693 0.06850961538461539 0.03485576923076923
2 0.055288461538461536 0.6670673076923077 0.09495192307692307 0.06009615384615385
2 0.1658653846153846 0.46875 0.038461538461538464 0.040865384615384616
2 0.037259615384615384 0.44711538461538464 0.051682692307692304 0.051682692307692304
2 0.5372596153846154 0.4338942307692308 0.040865384615384616 0.028846153846153848
2 0.5805288461538461 0.39663461538461536 0.04927884615384615 0.030048076923076924
2 0.24759615384615385 0.3161057692307692 0.052884615384615384 0.025240384615384616
2 0.4362980769230769 0.2956730769230769 0.040865384615384616 0.026442307692307692
2 0.3245192307692308 0.27524038461538464 0.038461538461538464 0.014423076923076924
3 0.7271634615384616 0.3629807692307692 0.028846153846153848 0.06490384615384616
3 0.6694711538461539 0.3125 0.03485576923076923 0.036057692307692304
3 0.7247596153846154 0.5492788461538461 0.036057692307692304 0.0625
3 0.7740384615384616 0.5709134615384616 0.037259615384615384 0.06129807692307692
3 0.8076923076923077 0.7151442307692307 0.052884615384615384 0.036057692307692304