3 0.7355769230769231 0.8425480769230769 0.05889423076923077 0.052884615384615384
3 0.6574519230769231 0.3161057692307692 0.007211538461538462 0.037259615384615384
3 0.6862980769230769 0.32211538461538464 0.027644230769230768 0.07091346153846154
3 0.6814903846153846 0.39903846153846156 0.03125 0.046875
3 0.8629807692307693 0.7439903846153846 0.07211538461538461 0.046875
3 0.7704326923076923 0.6634615384615384 0.08413461538461539 0.055288461538461536
3 0.7199519230769231 0.5841346153846154 0.028846153846153848 0.056490384615384616
3 0.7536057692307693 0.5384615384615384 0.04807692307692308 0.06490384615384616
3 0.6995192307692307 0.53125 0.038461538461538464 0.06850961538461539
2 0.3269230769230769 0.5372596153846154 0.06370192307692307 0.038461538461538464
2 0.33774038461538464 0.6237980769230769 0.08413461538461539 0.03365384615384615
2 0.5733173076923077 0.6526442307692307 0.07572115384615384 0.020432692307692308
2 0.5372596153846154 0.5276442307692307 0.052884615384615384 0.046875
2 0.09375 0.4362980769230769 0.027644230769230768 0.04567307692307692
2 0.5685096153846154 0.3233173076923077 0.03245192307692308 0.03365384615384615
2 0.04567307692307692 0.5480769230769231 0.04326923076923077 0.046875
2 0.20552884615384615 0.6586538461538461 0.040865384615384616 0.052884615384615384
2 0.13341346153846154 0.4891826923076923 0.05048076923076923 0.019230769230769232
2 0.22355769230769232 0.453125 0.03365384615384615 0.016826923076923076
2 0.4050480769230769 0.43990384615384615 0.030048076923076924 0.01201923076923077
2 0.4855769230769231 0.38461538461538464 0.03485576923076923 0.02403846153846154
2 0.2548076923076923 0.2668269230769231 0.03365384615384615 0.018028846153846152
2 0.47836538461538464 0.2848557692307692 0.026442307692307692 0.026442307692307692
2 0.3762019230769231 0.2704326923076923 0.030048076923076924 0.019230769230769232