2 0.171875 0.5108173076923077 0.05048076923076923 0.026442307692307692
2 0.07211538461538461 0.5336538461538461 0.06610576923076923 0.05048076923076923
2 0.4411057692307692 0.5733173076923077 0.06610576923076923 0.038461538461538464
2 0.3870192307692308 0.6610576923076923 0.06850961538461539 0.04447115384615385
2 0.056490384615384616 0.8197115384615384 0.078125 0.04567307692307692
3 0.7211538461538461 0.5528846153846154 0.040865384615384616 0.04567307692307692
3 0.7512019230769231 0.5228365384615384 0.040865384615384616 0.0625
3 0.7956730769230769 0.6153846153846154 0.06610576923076923 0.11298076923076923
3 0.6706730769230769 0.6899038461538461 0.04807692307692308 0.0889423076923077
2 0.44711538461538464 0.2536057692307692 0.06971153846153846 0.03365384615384615
2 0.5516826923076923 0.34975961538461536 0.054086538461538464 0.021634615384615384
2 0.3485576923076923 0.30288461538461536 0.038461538461538464 0.036057692307692304
2 0.2860576923076923 0.36899038461538464 0.046875 0.027644230769230768
3 0.6322115384615384 0.3269230769230769 0.016826923076923076 0.07451923076923077
3 0.6490384615384616 0.45552884615384615 0.021634615384615384 0.0829326923076923
3 0.6899038461538461 0.4951923076923077 0.03485576923076923 0.08173076923076923
2 0.3894230769230769 0.38461538461538464 0.05048076923076923 0.03245192307692308
2 0.3269230769230769 0.4254807692307692 0.042067307692307696 0.025240384615384616
2 0.5024038461538461 0.43028846153846156 0.04326923076923077 0.037259615384615384
2 0.22596153846153846 0.4074519230769231 0.04807692307692308 0.025240384615384616
2 0.17067307692307693 0.4362980769230769 0.046875 0.028846153846153848
2 0.4014423076923077 0.4963942307692308 0.056490384615384616 0.04326923076923077