2 0.3942307692307692 0.43028846153846156 0.04567307692307692 0.018028846153846152
2 0.13341346153846154 0.43028846153846156 0.04326923076923077 0.03485576923076923
2 0.515625 0.5024038461538461 0.05048076923076923 0.056490384615384616
2 0.5372596153846154 0.6262019230769231 0.04567307692307692 0.028846153846153848
2 0.34375 0.625 0.054086538461538464 0.027644230769230768
2 0.2980769230769231 0.5288461538461539 0.038461538461538464 0.038461538461538464
2 0.18990384615384615 0.6430288461538461 0.0673076923076923 0.046875
2 0.06971153846153846 0.5456730769230769 0.05048076923076923 0.04447115384615385
2 0.125 0.4795673076923077 0.07451923076923077 0.040865384615384616
2 0.23918269230769232 0.44711538461538464 0.04807692307692308 0.025240384615384616
2 0.4675480769230769 0.37259615384615385 0.042067307692307696 0.025240384615384616
2 0.296875 0.31009615384615385 0.054086538461538464 0.02403846153846154
2 0.3918269230769231 0.2704326923076923 0.03485576923076923 0.028846153846153848
3 0.7776442307692307 0.65625 0.05889423076923077 0.06009615384615385
3 0.6790865384615384 0.30649038461538464 0.021634615384615384 0.04807692307692308
3 0.8629807692307693 0.71875 0.078125 0.051682692307692304
3 0.7259615384615384 0.8161057692307693 0.05048076923076923 0.054086538461538464
3 0.6923076923076923 0.5108173076923077 0.037259615384615384 0.04447115384615385
3 0.6490384615384616 0.2956730769230769 0.015625 0.03485576923076923