2 0.5697115384615384 0.38221153846153844 0.052884615384615384 0.026442307692307692
2 0.5649038461538461 0.6033653846153846 0.038461538461538464 0.037259615384615384
2 0.5300480769230769 0.7247596153846154 0.07451923076923077 0.036057692307692304
2 0.43990384615384615 0.6310096153846154 0.06610576923076923 0.04326923076923077
2 0.22235576923076922 0.5504807692307693 0.038461538461538464 0.052884615384615384
2 0.21995192307692307 0.6382211538461539 0.05889423076923077 0.03485576923076923
2 0.10336538461538461 0.7067307692307693 0.09975961538461539 0.07211538461538461
2 0.33413461538461536 0.7644230769230769 0.09975961538461539 0.06129807692307692
2 0.18389423076923078 0.27524038461538464 0.025240384615384616 0.027644230769230768
2 0.2283653846153846 0.3293269230769231 0.042067307692307696 0.037259615384615384
2 0.41466346153846156 0.3004807692307692 0.03365384615384615 0.042067307692307696
2 0.13581730769230768 0.45913461538461536 0.04567307692307692 0.04567307692307692
2 0.5096153846153846 0.5120192307692307 0.051682692307692304 0.040865384615384616
3 0.7728365384615384 0.5853365384615384 0.037259615384615384 0.051682692307692304
3 0.8605769230769231 0.7151442307692307 0.05048076923076923 0.051682692307692304
3 0.7247596153846154 0.5288461538461539 0.036057692307692304 0.06370192307692307
3 0.6995192307692307 0.34375 0.027644230769230768 0.04567307692307692
3 0.7199519230769231 0.30528846153846156 0.019230769230769232 0.055288461538461536
3 0.6694711538461539 0.3125 0.014423076923076924 0.036057692307692304
3 0.7992788461538461 0.7307692307692307 0.06009615384615385 0.046875
3 0.6682692307692307 0.45552884615384615 0.03245192307692308 0.07451923076923077