3 0.7007211538461539 0.4963942307692308 0.025240384615384616 0.05889423076923077
3 0.6177884615384616 0.24879807692307693 0.02403846153846154 0.03485576923076923
3 0.7487980769230769 0.5793269230769231 0.04567307692307692 0.07932692307692307
3 0.6189903846153846 0.32211538461538464 0.027644230769230768 0.055288461538461536
3 0.6358173076923077 0.4795673076923077 0.026442307692307692 0.06610576923076923
2 0.18870192307692307 0.5649038461538461 0.06129807692307692 0.052884615384615384
2 0.3401442307692308 0.4230769230769231 0.040865384615384616 0.028846153846153848
2 0.28966346153846156 0.5120192307692307 0.04807692307692308 0.04326923076923077
2 0.42788461538461536 0.43028846153846156 0.03245192307692308 0.04447115384615385
2 0.25841346153846156 0.4338942307692308 0.04567307692307692 0.04567307692307692
2 0.5324519230769231 0.5829326923076923 0.04567307692307692 0.036057692307692304
2 0.5012019230769231 0.6418269230769231 0.06129807692307692 0.04807692307692308
2 0.5120192307692307 0.8269230769230769 0.03245192307692308 0.04567307692307692
2 0.21394230769230768 0.8473557692307693 0.07091346153846154 0.042067307692307696
2 0.036057692307692304 0.390625 0.040865384615384616 0.04447115384615385
2 0.15504807692307693 0.3317307692307692 0.038461538461538464 0.036057692307692304
2 0.4098557692307692 0.3701923076923077 0.04567307692307692 0.03485576923076923
2 0.390625 0.3161057692307692 0.052884615384615384 0.03485576923076923
2 0.22355769230769232 0.2848557692307692 0.04447115384615385 0.037259615384615384
2 0.26322115384615385 0.3425480769230769 0.036057692307692304 0.051682692307692304