3 0.6634615384615384 0.4831730769230769 0.019230769230769232 0.06009615384615385
3 0.5913461538461539 0.2620192307692308 0.026442307692307692 0.04326923076923077
2 0.2127403846153846 0.6983173076923077 0.06850961538461539 0.051682692307692304
2 0.42908653846153844 0.6766826923076923 0.06850961538461539 0.056490384615384616
2 0.038461538461538464 0.6598557692307693 0.056490384615384616 0.04447115384615385
2 0.4230769230769231 0.47475961538461536 0.04326923076923077 0.046875
2 0.026442307692307692 0.4338942307692308 0.037259615384615384 0.040865384615384616
2 0.42908653846153844 0.390625 0.057692307692307696 0.037259615384615384
2 0.2860576923076923 0.31490384615384615 0.06850961538461539 0.038461538461538464
2 0.10817307692307693 0.35096153846153844 0.051682692307692304 0.027644230769230768
2 0.3762019230769231 0.26322115384615385 0.051682692307692304 0.03485576923076923
2 0.18269230769230768 0.47596153846153844 0.06850961538461539 0.042067307692307696
2 0.35336538461538464 0.765625 0.04807692307692308 0.04567307692307692
2 0.41466346153846156 0.7956730769230769 0.026442307692307692 0.03485576923076923
2 0.47475961538461536 0.8016826923076923 0.03485576923076923 0.040865384615384616