3 0.6887019230769231 0.5132211538461539 0.026442307692307692 0.07091346153846154
3 0.8137019230769231 0.6814903846153846 0.04326923076923077 0.051682692307692304
3 0.7608173076923077 0.7067307692307693 0.05048076923076923 0.04567307692307692
3 0.8197115384615384 0.7524038461538461 0.0625 0.05048076923076923
3 0.8786057692307693 0.8305288461538461 0.11298076923076923 0.030048076923076924
3 0.7079326923076923 0.7884615384615384 0.05889423076923077 0.052884615384615384
2 0.5192307692307693 0.4423076923076923 0.056490384615384616 0.04807692307692308
2 0.45913461538461536 0.6995192307692307 0.078125 0.040865384615384616
2 0.46033653846153844 0.6189903846153846 0.10216346153846154 0.051682692307692304
2 0.4375 0.5276442307692307 0.06370192307692307 0.025240384615384616
2 0.4891826923076923 0.3233173076923077 0.038461538461538464 0.015625
2 0.31971153846153844 0.3004807692307692 0.040865384615384616 0.027644230769230768
2 0.3557692307692308 0.3449519230769231 0.040865384615384616 0.028846153846153848
2 0.24519230769230768 0.3485576923076923 0.05889423076923077 0.030048076923076924
2 0.38221153846153844 0.4230769230769231 0.06971153846153846 0.046875
2 0.30408653846153844 0.5168269230769231 0.054086538461538464 0.03245192307692308
2 0.24278846153846154 0.6262019230769231 0.06370192307692307 0.03245192307692308
2 0.12379807692307693 0.6814903846153846 0.078125 0.04807692307692308
2 0.16105769230769232 0.7824519230769231 0.06129807692307692 0.046875
3 0.6610576923076923 0.4675480769230769 0.028846153846153848 0.08173076923076923
3 0.6346153846153846 0.3161057692307692 0.015625 0.042067307692307696
3 0.6742788461538461 0.3401442307692308 0.025240384615384616 0.051682692307692304