2 0.06370192307692307 0.796875 0.06971153846153846 0.051682692307692304
2 0.44350961538461536 0.6706730769230769 0.07211538461538461 0.05889423076923077
2 0.27524038461538464 0.5997596153846154 0.07932692307692307 0.037259615384615384
2 0.14423076923076922 0.5997596153846154 0.06370192307692307 0.040865384615384616
2 0.2439903846153846 0.5240384615384616 0.05048076923076923 0.030048076923076924
2 0.21153846153846154 0.4519230769230769 0.03245192307692308 0.026442307692307692
2 0.4375 0.5096153846153846 0.07211538461538461 0.019230769230769232
2 0.40024038461538464 0.4206730769230769 0.051682692307692304 0.016826923076923076
3 0.6502403846153846 0.4795673076923077 0.01201923076923077 0.04807692307692308
3 0.8064903846153846 0.5997596153846154 0.02403846153846154 0.09735576923076923
3 0.7824519230769231 0.5817307692307693 0.03245192307692308 0.08173076923076923
3 0.6802884615384616 0.5480769230769231 0.016826923076923076 0.07692307692307693