2 0.21634615384615385 0.7115384615384616 0.06850961538461539 0.04447115384615385
2 0.2776442307692308 0.3173076923076923 0.052884615384615384 0.028846153846153848
2 0.43149038461538464 0.38822115384615385 0.051682692307692304 0.03245192307692308
2 0.08653846153846154 0.35216346153846156 0.040865384615384616 0.03485576923076923
2 0.43149038461538464 0.484375 0.07692307692307693 0.04807692307692308
2 0.15504807692307693 0.47115384615384615 0.09615384615384616 0.055288461538461536
2 0.46634615384615385 0.8100961538461539 0.025240384615384616 0.038461538461538464
2 0.40865384615384615 0.7896634615384616 0.026442307692307692 0.03245192307692308
2 0.3545673076923077 0.765625 0.021634615384615384 0.04807692307692308
2 0.40024038461538464 0.6658653846153846 0.07211538461538461 0.05048076923076923
2 0.046875 0.6754807692307693 0.07091346153846154 0.05048076923076923
2 0.08173076923076923 0.23076923076923078 0.04447115384615385 0.025240384615384616
2 0.2127403846153846 0.2512019230769231 0.04567307692307692 0.03365384615384615
3 0.6634615384615384 0.4098557692307692 0.040865384615384616 0.038461538461538464
3 0.5901442307692307 0.28125 0.028846153846153848 0.051682692307692304