3 0.6598557692307693 0.3173076923076923 0.015625 0.04807692307692308
3 0.6911057692307693 0.3473557692307692 0.02403846153846154 0.051682692307692304
3 0.6586538461538461 0.4338942307692308 0.025240384615384616 0.07451923076923077
3 0.7235576923076923 0.3894230769230769 0.03245192307692308 0.06490384615384616
2 0.5805288461538461 0.40024038461538464 0.040865384615384616 0.03485576923076923
2 0.34375 0.2668269230769231 0.03365384615384615 0.021634615384615384
2 0.28365384615384615 0.28846153846153844 0.039663461538461536 0.03485576923076923
2 0.43509615384615385 0.2956730769230769 0.04807692307692308 0.03245192307692308
2 0.19230769230769232 0.4675480769230769 0.037259615384615384 0.021634615384615384
2 0.0625 0.43990384615384615 0.04567307692307692 0.026442307692307692
2 0.5072115384615384 0.40384615384615385 0.038461538461538464 0.026442307692307692
2 0.6081730769230769 0.5733173076923077 0.04326923076923077 0.025240384615384616
2 0.4519230769230769 0.47596153846153844 0.04927884615384615 0.027644230769230768
2 0.17548076923076922 0.5240384615384616 0.05889423076923077 0.036057692307692304
3 0.7680288461538461 0.5649038461538461 0.039663461538461536 0.0733173076923077
3 0.7271634615384616 0.5697115384615384 0.03245192307692308 0.06610576923076923
3 0.7956730769230769 0.7007211538461539 0.06129807692307692 0.03245192307692308
2 0.2848557692307692 0.6442307692307693 0.052884615384615384 0.028846153846153848
2 0.5697115384615384 0.7019230769230769 0.06971153846153846 0.03485576923076923
2 0.3629807692307692 0.5817307692307693 0.052884615384615384 0.046875
2 0.2512019230769231 0.7043269230769231 0.0733173076923077 0.030048076923076924