2 0.49759615384615385 0.5588942307692307 0.04807692307692308 0.03365384615384615
2 0.1971153846153846 0.27884615384615385 0.06850961538461539 0.03485576923076923
2 0.2980769230769231 0.296875 0.057692307692307696 0.02403846153846154
2 0.5012019230769231 0.28846153846153844 0.020432692307692308 0.03485576923076923
2 0.45552884615384615 0.3233173076923077 0.04567307692307692 0.037259615384615384
2 0.39663461538461536 0.3545673076923077 0.040865384615384616 0.025240384615384616
2 0.4362980769230769 0.4483173076923077 0.06490384615384616 0.036057692307692304
2 0.07572115384615384 0.6862980769230769 0.07451923076923077 0.04567307692307692
2 0.21153846153846154 0.8269230769230769 0.09014423076923077 0.04807692307692308
2 0.3629807692307692 0.7824519230769231 0.06009615384615385 0.056490384615384616
2 0.2980769230769231 0.6574519230769231 0.08173076923076923 0.04807692307692308
2 0.5276442307692307 0.75 0.0673076923076923 0.052884615384615384
2 0.41466346153846156 0.6262019230769231 0.09134615384615384 0.040865384615384616
2 0.34975961538461536 0.5456730769230769 0.06490384615384616 0.046875
3 0.7439903846153846 0.8233173076923077 0.052884615384615384 0.04807692307692308
3 0.8425480769230769 0.78125 0.052884615384615384 0.03485576923076923
3 0.7848557692307693 0.7319711538461539 0.0625 0.046875
3 0.84375 0.7091346153846154 0.04567307692307692 0.046875
3 0.6935096153846154 0.5420673076923077 0.040865384615384616 0.07211538461538461
3 0.6947115384615384 0.4699519230769231 0.021634615384615384 0.04567307692307692
3 0.6742788461538461 0.46634615384615385 0.028846153846153848 0.046875
3 0.6814903846153846 0.34975961538461536 0.02403846153846154 0.055288461538461536
3 0.6514423076923077 0.3137019230769231 0.03245192307692308 0.055288461538461536