3 0.6911057692307693 0.5348557692307693 0.038461538461538464 0.07451923076923077
3 0.6887019230769231 0.4387019230769231 0.03125 0.06370192307692307
3 0.7067307692307693 0.47596153846153844 0.03485576923076923 0.0625
3 0.6069711538461539 0.29927884615384615 0.03485576923076923 0.0625
3 0.6117788461538461 0.4423076923076923 0.019230769230769232 0.07932692307692307
2 0.15625 0.25 0.030048076923076924 0.03365384615384615
2 0.31850961538461536 0.27524038461538464 0.04567307692307692 0.028846153846153848
2 0.375 0.33774038461538464 0.052884615384615384 0.02403846153846154
2 0.39783653846153844 0.39903846153846156 0.05889423076923077 0.04447115384615385
2 0.453125 0.2956730769230769 0.05048076923076923 0.037259615384615384
2 0.3786057692307692 0.23677884615384615 0.06129807692307692 0.037259615384615384
2 0.3016826923076923 0.7908653846153846 0.06971153846153846 0.03485576923076923
2 0.4951923076923077 0.7524038461538461 0.054086538461538464 0.038461538461538464
2 0.10096153846153846 0.71875 0.07932692307692307 0.06490384615384616
2 0.41225961538461536 0.8317307692307693 0.052884615384615384 0.03365384615384615
2 0.12620192307692307 0.4879807692307692 0.056490384615384616 0.04447115384615385
2 0.3016826923076923 0.5625 0.04447115384615385 0.04447115384615385
2 0.19831730769230768 0.390625 0.054086538461538464 0.06009615384615385
2 0.36899038461538464 0.4891826923076923 0.056490384615384616 0.03365384615384615
2 0.20192307692307693 0.3137019230769231 0.055288461538461536 0.03485576923076923
2 0.09495192307692307 0.29086538461538464 0.030048076923076924 0.036057692307692304