3 0.6706730769230769 0.5841346153846154 0.027644230769230768 0.07692307692307693
3 0.5685096153846154 0.4807692307692308 0.020432692307692308 0.056490384615384616
3 0.5793269230769231 0.546875 0.019230769230769232 0.06490384615384616
3 0.6875 0.6189903846153846 0.02403846153846154 0.08173076923076923
2 0.29927884615384615 0.6274038461538461 0.054086538461538464 0.036057692307692304
2 0.14423076923076922 0.6790865384615384 0.08653846153846154 0.038461538461538464
2 0.15264423076923078 0.6177884615384616 0.07451923076923077 0.028846153846153848
2 0.15625 0.5432692307692307 0.03485576923076923 0.014423076923076924
2 0.2704326923076923 0.5456730769230769 0.054086538461538464 0.038461538461538464
2 0.23918269230769232 0.5216346153846154 0.04326923076923077 0.03485576923076923
2 0.3161057692307692 0.44711538461538464 0.030048076923076924 0.018028846153846152