2 0.3112980769230769 0.29086538461538464 0.02403846153846154 0.025240384615384616
2 0.390625 0.2620192307692308 0.04326923076923077 0.03365384615384615
3 0.7788461538461539 0.6033653846153846 0.03485576923076923 0.08173076923076923
3 0.625 0.296875 0.018028846153846152 0.06490384615384616
3 0.6514423076923077 0.6850961538461539 0.04807692307692308 0.08173076923076923
3 0.7379807692307693 0.5276442307692307 0.042067307692307696 0.05889423076923077
3 0.6586538461538461 0.5024038461538461 0.06490384615384616 0.06610576923076923
2 0.10216346153846154 0.8245192307692307 0.08533653846153846 0.056490384615384616
2 0.3245192307692308 0.6322115384615384 0.06370192307692307 0.052884615384615384
2 0.21033653846153846 0.49759615384615385 0.051682692307692304 0.037259615384615384
2 0.13701923076923078 0.4266826923076923 0.06850961538461539 0.03365384615384615
2 0.04447115384615385 0.5120192307692307 0.06610576923076923 0.042067307692307696
2 0.3605769230769231 0.484375 0.06971153846153846 0.04447115384615385
2 0.26322115384615385 0.4050480769230769 0.04326923076923077 0.03485576923076923
2 0.35216346153846156 0.4206730769230769 0.027644230769230768 0.028846153846153848
2 0.47596153846153844 0.5961538461538461 0.06850961538461539 0.046875
2 0.35697115384615385 0.3737980769230769 0.040865384615384616 0.018028846153846152
2 0.46274038461538464 0.41466346153846156 0.055288461538461536 0.040865384615384616
2 0.5096153846153846 0.3425480769230769 0.05048076923076923 0.03245192307692308
2 0.2536057692307692 0.34375 0.056490384615384616 0.026442307692307692