2 0.040865384615384616 0.6177884615384616 0.06610576923076923 0.036057692307692304
2 0.19831730769230768 0.6009615384615384 0.08533653846153846 0.06490384615384616
2 0.328125 0.49278846153846156 0.09735576923076923 0.0625
2 0.1971153846153846 0.45913461538461536 0.04567307692307692 0.038461538461538464
2 0.026442307692307692 0.4098557692307692 0.03485576923076923 0.03485576923076923
2 0.11538461538461539 0.38461538461538464 0.055288461538461536 0.036057692307692304
2 0.19591346153846154 0.3701923076923077 0.042067307692307696 0.028846153846153848
2 0.0985576923076923 0.3425480769230769 0.037259615384615384 0.025240384615384616
2 0.06129807692307692 0.29927884615384615 0.054086538461538464 0.04567307692307692
2 0.16466346153846154 0.3004807692307692 0.03485576923076923 0.037259615384615384
2 0.28846153846153844 0.3425480769230769 0.05048076923076923 0.03485576923076923
2 0.3269230769230769 0.3137019230769231 0.040865384615384616 0.021634615384615384
2 0.4735576923076923 0.31971153846153844 0.037259615384615384 0.046875
2 0.5 0.7620192307692307 0.040865384615384616 0.054086538461538464
2 0.4338942307692308 0.2824519230769231 0.06490384615384616 0.027644230769230768
2 0.4387019230769231 0.23798076923076922 0.03125 0.03485576923076923
3 0.6610576923076923 0.6658653846153846 0.040865384615384616 0.052884615384615384
3 0.6382211538461539 0.6237980769230769 0.03245192307692308 0.0625
3 0.6586538461538461 0.578125 0.025240384615384616 0.06370192307692307
3 0.6959134615384616 0.5492788461538461 0.030048076923076924 0.054086538461538464
3 0.6682692307692307 0.49038461538461536 0.030048076923076924 0.05889423076923077
3 0.7091346153846154 0.4879807692307692 0.03245192307692308 0.06971153846153846
3 0.625 0.3713942307692308 0.016826923076923076 0.06850961538461539
3 0.6153846153846154 0.33774038461538464 0.02403846153846154 0.07091346153846154
3 0.6286057692307693 0.25600961538461536 0.01201923076923077 0.046875
3 0.6105769230769231 0.24759615384615385 0.016826923076923076 0.042067307692307696