3 0.5913461538461539 0.4831730769230769 0.019230769230769232 0.046875
3 0.7223557692307693 0.6117788461538461 0.021634615384615384 0.08413461538461539
3 0.6021634615384616 0.5564903846153846 0.016826923076923076 0.08052884615384616
3 0.6995192307692307 0.5949519230769231 0.03245192307692308 0.06971153846153846
2 0.2980769230769231 0.5144230769230769 0.038461538461538464 0.027644230769230768
2 0.23557692307692307 0.6971153846153846 0.07692307692307693 0.04807692307692308
2 0.44711538461538464 0.4675480769230769 0.056490384615384616 0.015625
2 0.2668269230769231 0.5480769230769231 0.05048076923076923 0.02403846153846154
2 0.14903846153846154 0.5444711538461539 0.04807692307692308 0.036057692307692304
2 0.14423076923076922 0.6225961538461539 0.056490384615384616 0.037259615384615384
2 0.28725961538461536 0.6153846153846154 0.051682692307692304 0.028846153846153848