2 0.4831730769230769 0.6370192307692307 0.056490384615384616 0.05048076923076923
2 0.3870192307692308 0.5180288461538461 0.06370192307692307 0.042067307692307696
3 0.6165865384615384 0.28846153846153844 0.021634615384615384 0.03485576923076923
3 0.6262019230769231 0.27884615384615385 0.013221153846153846 0.03365384615384615
3 0.6610576923076923 0.3233173076923077 0.019230769230769232 0.05889423076923077
3 0.6502403846153846 0.43149038461538464 0.021634615384615384 0.07091346153846154
3 0.6502403846153846 0.5336538461538461 0.019230769230769232 0.042067307692307696
3 0.6682692307692307 0.47716346153846156 0.030048076923076924 0.04567307692307692
3 0.7956730769230769 0.6526442307692307 0.039663461538461536 0.04567307692307692
3 0.7415865384615384 0.6778846153846154 0.036057692307692304 0.04807692307692308
3 0.7920673076923077 0.7211538461538461 0.037259615384615384 0.046875
3 0.6923076923076923 0.7536057692307693 0.03365384615384615 0.04447115384615385
2 0.49399038461538464 0.34375 0.05048076923076923 0.040865384615384616
2 0.49158653846153844 0.4375 0.0625 0.05048076923076923
2 0.31971153846153844 0.328125 0.030048076923076924 0.026442307692307692
2 0.27283653846153844 0.3581730769230769 0.039663461538461536 0.042067307692307696
2 0.4110576923076923 0.6778846153846154 0.08653846153846154 0.05048076923076923
2 0.34975961538461536 0.40384615384615385 0.05889423076923077 0.03365384615384615
2 0.2704326923076923 0.484375 0.056490384615384616 0.025240384615384616
2 0.17668269230769232 0.5985576923076923 0.10336538461538461 0.038461538461538464
2 0.07932692307692307 0.734375 0.06850961538461539 0.06370192307692307
2 0.16947115384615385 0.6778846153846154 0.054086538461538464 0.046875