2 0.31009615384615385 0.4831730769230769 0.030048076923076924 0.037259615384615384
2 0.4387019230769231 0.42788461538461536 0.037259615384615384 0.038461538461538464
2 0.31009615384615385 0.42427884615384615 0.03245192307692308 0.037259615384615384
2 0.13942307692307693 0.5384615384615384 0.052884615384615384 0.02403846153846154
2 0.5012019230769231 0.5 0.03125 0.036057692307692304
2 0.23557692307692307 0.5168269230769231 0.06129807692307692 0.037259615384615384
2 0.027644230769230768 0.75 0.04567307692307692 0.04447115384615385
2 0.15865384615384615 0.5829326923076923 0.03245192307692308 0.042067307692307696
2 0.28966346153846156 0.5865384615384616 0.07572115384615384 0.037259615384615384
2 0.5264423076923077 0.6454326923076923 0.07451923076923077 0.07091346153846154
2 0.15144230769230768 0.7920673076923077 0.09014423076923077 0.06850961538461539
3 0.6730769230769231 0.47836538461538464 0.016826923076923076 0.06971153846153846
3 0.7115384615384616 0.53125 0.020432692307692308 0.06850961538461539
3 0.8149038461538461 0.5649038461538461 0.027644230769230768 0.09254807692307693
3 0.8461538461538461 0.5925480769230769 0.02403846153846154 0.10336538461538461