2 0.3786057692307692 0.47596153846153844 0.06370192307692307 0.040865384615384616
2 0.2247596153846154 0.5084134615384616 0.05048076923076923 0.03365384615384615
2 0.1141826923076923 0.6802884615384616 0.07572115384615384 0.020432692307692308
2 0.17668269230769232 0.6201923076923077 0.06009615384615385 0.03245192307692308
2 0.30649038461538464 0.6274038461538461 0.056490384615384616 0.036057692307692304
2 0.18028846153846154 0.5432692307692307 0.04807692307692308 0.019230769230769232
2 0.25961538461538464 0.5552884615384616 0.06971153846153846 0.02403846153846154
2 0.055288461538461536 0.4723557692307692 0.04567307692307692 0.036057692307692304
2 0.2512019230769231 0.4266826923076923 0.025240384615384616 0.037259615384615384
3 0.6610576923076923 0.5925480769230769 0.019230769230769232 0.07091346153846154
3 0.5625 0.4891826923076923 0.021634615384615384 0.05889423076923077
3 0.5637019230769231 0.5637019230769231 0.025240384615384616 0.05048076923076923
3 0.6778846153846154 0.6165865384615384 0.025240384615384616 0.09495192307692307