3 0.6682692307692307 0.6478365384615384 0.056490384615384616 0.06490384615384616
2 0.21394230769230768 0.36899038461538464 0.040865384615384616 0.036057692307692304
3 0.6382211538461539 0.6538461538461539 0.03245192307692308 0.0625
3 0.6778846153846154 0.5096153846153846 0.027644230769230768 0.07091346153846154
3 0.7103365384615384 0.4891826923076923 0.03245192307692308 0.06490384615384616
3 0.6153846153846154 0.37740384615384615 0.030048076923076924 0.0733173076923077
3 0.6129807692307693 0.32572115384615385 0.030048076923076924 0.04567307692307692
3 0.6165865384615384 0.2620192307692308 0.021634615384615384 0.038461538461538464
2 0.21033653846153846 0.6129807692307693 0.09495192307692307 0.055288461538461536
2 0.36538461538461536 0.5036057692307693 0.08774038461538461 0.046875
2 0.2127403846153846 0.46274038461538464 0.06129807692307692 0.04807692307692308
2 0.02403846153846154 0.6189903846153846 0.03365384615384615 0.04447115384615385
2 0.02403846153846154 0.41947115384615385 0.038461538461538464 0.042067307692307696
2 0.10336538461538461 0.3894230769230769 0.057692307692307696 0.04447115384615385
2 0.11778846153846154 0.3485576923076923 0.054086538461538464 0.038461538461538464
2 0.2644230769230769 0.33413461538461536 0.056490384615384616 0.030048076923076924
2 0.17548076923076922 0.28966346153846156 0.036057692307692304 0.020432692307692308
2 0.21153846153846154 0.2512019230769231 0.02403846153846154 0.03365384615384615
2 0.4387019230769231 0.2848557692307692 0.04807692307692308 0.027644230769230768
2 0.3762019230769231 0.25721153846153844 0.04927884615384615 0.027644230769230768
2 0.4483173076923077 0.23557692307692307 0.036057692307692304 0.018028846153846152
2 0.33774038461538464 0.31850961538461536 0.030048076923076924 0.026442307692307692
3 0.7055288461538461 0.5528846153846154 0.037259615384615384 0.06129807692307692
3 0.6153846153846154 0.5793269230769231 0.040865384615384616 0.08774038461538461