2 0.5180288461538461 0.39783653846153844 0.04567307692307692 0.03245192307692308
2 0.34134615384615385 0.49759615384615385 0.04927884615384615 0.04447115384615385
2 0.13822115384615385 0.5096153846153846 0.07211538461538461 0.036057692307692304
2 0.2860576923076923 0.8137019230769231 0.06129807692307692 0.05889423076923077
2 0.0829326923076923 0.7367788461538461 0.09134615384615384 0.04326923076923077
2 0.18269230769230768 0.25961538461538464 0.042067307692307696 0.025240384615384616
2 0.35096153846153844 0.29086538461538464 0.0733173076923077 0.042067307692307696
2 0.4699519230769231 0.30649038461538464 0.051682692307692304 0.036057692307692304
2 0.38221153846153844 0.3401442307692308 0.03485576923076923 0.03365384615384615
2 0.20673076923076922 0.40625 0.06370192307692307 0.026442307692307692
2 0.38221153846153844 0.40024038461538464 0.038461538461538464 0.03245192307692308
3 0.6165865384615384 0.4483173076923077 0.016826923076923076 0.078125
3 0.6129807692307693 0.2980769230769231 0.030048076923076924 0.04447115384615385
3 0.7067307692307693 0.5420673076923077 0.030048076923076924 0.07692307692307693
3 0.6814903846153846 0.4411057692307692 0.025240384615384616 0.040865384615384616