2 0.21033653846153846 0.40024038461538464 0.04807692307692308 0.03485576923076923
2 0.4230769230769231 0.6730769230769231 0.06850961538461539 0.055288461538461536
2 0.4411057692307692 0.5865384615384616 0.0673076923076923 0.04807692307692308
2 0.41947115384615385 0.5036057692307693 0.052884615384615384 0.036057692307692304
2 0.10336538461538461 0.5492788461538461 0.0673076923076923 0.04326923076923077
2 0.16466346153846154 0.515625 0.056490384615384616 0.03485576923076923
2 0.19471153846153846 0.44350961538461536 0.06129807692307692 0.042067307692307696
2 0.3112980769230769 0.41586538461538464 0.03245192307692308 0.028846153846153848
2 0.40625 0.3942307692307692 0.06370192307692307 0.03365384615384615
3 0.6370192307692307 0.3317307692307692 0.036057692307692304 0.05889423076923077
3 0.7067307692307693 0.4891826923076923 0.03485576923076923 0.05889423076923077
3 0.7692307692307693 0.5276442307692307 0.03245192307692308 0.054086538461538464
3 0.7235576923076923 0.5649038461538461 0.037259615384615384 0.05889423076923077
3 0.8040865384615384 0.6117788461538461 0.0733173076923077 0.10096153846153846
3 0.6622596153846154 0.7067307692307693 0.054086538461538464 0.078125
2 0.4423076923076923 0.2536057692307692 0.046875 0.015625
2 0.3737980769230769 0.3112980769230769 0.037259615384615384 0.018028846153846152
2 0.02283653846153846 0.4026442307692308 0.037259615384615384 0.02403846153846154
2 0.2956730769230769 0.36899038461538464 0.04447115384615385 0.03485576923076923
3 0.6141826923076923 0.2644230769230769 0.02283653846153846 0.04447115384615385
3 0.6682692307692307 0.4567307692307692 0.03245192307692308 0.09014423076923077