2 0.2247596153846154 0.6394230769230769 0.07692307692307693 0.03365384615384615
3 0.6850961538461539 0.6177884615384616 0.014423076923076924 0.078125
3 0.65625 0.6021634615384616 0.03245192307692308 0.0733173076923077
3 0.5745192307692307 0.5721153846153846 0.018028846153846152 0.051682692307692304
3 0.5661057692307693 0.4855769230769231 0.019230769230769232 0.05889423076923077
2 0.35096153846153844 0.4362980769230769 0.040865384615384616 0.03485576923076923
2 0.47475961538461536 0.4723557692307692 0.039663461538461536 0.03365384615384615
2 0.17668269230769232 0.5108173076923077 0.04807692307692308 0.03485576923076923
2 0.057692307692307696 0.6850961538461539 0.08653846153846154 0.056490384615384616
2 0.20793269230769232 0.5600961538461539 0.04567307692307692 0.03245192307692308
2 0.3641826923076923 0.6358173076923077 0.06129807692307692 0.036057692307692304
2 0.31971153846153844 0.5552884615384616 0.039663461538461536 0.040865384615384616