2 0.47836538461538464 0.7427884615384616 0.07572115384615384 0.054086538461538464
2 0.41466346153846156 0.6009615384615384 0.0673076923076923 0.036057692307692304
2 0.4735576923076923 0.5492788461538461 0.06370192307692307 0.03485576923076923
2 0.13581730769230768 0.5841346153846154 0.054086538461538464 0.03365384615384615
2 0.10697115384615384 0.5192307692307693 0.04326923076923077 0.04326923076923077
2 0.0625 0.4387019230769231 0.055288461538461536 0.027644230769230768
2 0.16466346153846154 0.421875 0.06129807692307692 0.042067307692307696
2 0.24278846153846154 0.47716346153846156 0.06129807692307692 0.02403846153846154
2 0.27884615384615385 0.43149038461538464 0.04807692307692308 0.028846153846153848
2 0.3401442307692308 0.390625 0.05048076923076923 0.037259615384615384
2 0.45552884615384615 0.41947115384615385 0.03245192307692308 0.021634615384615384
2 0.41225961538461536 0.3401442307692308 0.03485576923076923 0.021634615384615384
2 0.4098557692307692 0.2548076923076923 0.03485576923076923 0.026442307692307692
2 0.5240384615384616 0.2704326923076923 0.03365384615384615 0.02403846153846154
2 0.3317307692307692 0.29927884615384615 0.040865384615384616 0.04567307692307692
3 0.7512019230769231 0.5973557692307693 0.055288461538461536 0.04447115384615385
3 0.671875 0.4579326923076923 0.036057692307692304 0.06129807692307692
3 0.6622596153846154 0.28846153846153844 0.027644230769230768 0.038461538461538464
3 0.6574519230769231 0.35096153846153844 0.03125 0.055288461538461536
3 0.8377403846153846 0.6526442307692307 0.04567307692307692 0.09254807692307693
3 0.7007211538461539 0.7403846153846154 0.040865384615384616 0.04447115384615385
3 0.7379807692307693 0.4963942307692308 0.03245192307692308 0.04447115384615385