2 0.37740384615384615 0.8064903846153846 0.06850961538461539 0.056490384615384616
2 0.16706730769230768 0.31490384615384615 0.04807692307692308 0.040865384615384616
2 0.12259615384615384 0.33653846153846156 0.06009615384615385 0.04807692307692308
2 0.38221153846153844 0.3161057692307692 0.04927884615384615 0.025240384615384616
2 0.5096153846153846 0.3858173076923077 0.055288461538461536 0.038461538461538464
2 0.5769230769230769 0.4891826923076923 0.046875 0.036057692307692304
2 0.5721153846153846 0.5769230769230769 0.051682692307692304 0.04807692307692308
2 0.5144230769230769 0.5973557692307693 0.0733173076923077 0.06370192307692307
2 0.515625 0.6875 0.07211538461538461 0.05048076923076923
2 0.4639423076923077 0.7307692307692307 0.06850961538461539 0.05048076923076923
2 0.28846153846153844 0.5793269230769231 0.06971153846153846 0.036057692307692304
2 0.15865384615384615 0.640625 0.06610576923076923 0.03485576923076923
2 0.1778846153846154 0.7439903846153846 0.09495192307692307 0.037259615384615384
3 0.7055288461538461 0.34615384615384615 0.03125 0.04567307692307692
3 0.7548076923076923 0.5504807692307693 0.030048076923076924 0.06129807692307692
3 0.8689903846153846 0.7331730769230769 0.039663461538461536 0.0625
3 0.8064903846153846 0.7487980769230769 0.07211538461538461 0.06490384615384616
3 0.6646634615384616 0.3233173076923077 0.03245192307692308 0.051682692307692304
3 0.7175480769230769 0.5432692307692307 0.030048076923076924 0.07451923076923077
3 0.6682692307692307 0.453125 0.038461538461538464 0.03365384615384615