3 0.6754807692307693 0.578125 0.030048076923076924 0.046875
3 0.6971153846153846 0.5300480769230769 0.027644230769230768 0.046875
3 0.6995192307692307 0.4723557692307692 0.03125 0.06370192307692307
3 0.6682692307692307 0.4807692307692308 0.030048076923076924 0.05889423076923077
3 0.625 0.3545673076923077 0.03365384615384615 0.09735576923076923
3 0.6298076923076923 0.25721153846153844 0.027644230769230768 0.0625
3 0.6105769230769231 0.23197115384615385 0.026442307692307692 0.06971153846153846
3 0.953125 0.28725961538461536 0.016826923076923076 0.042067307692307696
3 0.9002403846153846 0.2668269230769231 0.021634615384615384 0.030048076923076924
2 0.1201923076923077 0.6081730769230769 0.08052884615384616 0.04807692307692308
2 0.17908653846153846 0.546875 0.06129807692307692 0.055288461538461536
2 0.3173076923076923 0.46875 0.07572115384615384 0.04326923076923077
2 0.1935096153846154 0.4326923076923077 0.04326923076923077 0.026442307692307692
2 0.15985576923076922 0.37740384615384615 0.056490384615384616 0.03245192307692308
2 0.078125 0.33653846153846156 0.04326923076923077 0.03365384615384615
2 0.18269230769230768 0.33774038461538464 0.039663461538461536 0.028846153846153848
2 0.3269230769230769 0.33653846153846156 0.040865384615384616 0.021634615384615384
2 0.30649038461538464 0.3004807692307692 0.038461538461538464 0.028846153846153848
2 0.14783653846153846 0.2776442307692308 0.052884615384615384 0.021634615384615384
2 0.41346153846153844 0.27524038461538464 0.026442307692307692 0.025240384615384616
2 0.43149038461538464 0.25 0.04567307692307692 0.025240384615384616
2 0.21153846153846154 0.2127403846153846 0.03245192307692308 0.027644230769230768
3 0.6322115384615384 0.6658653846153846 0.052884615384615384 0.052884615384615384
3 0.6394230769230769 0.6141826923076923 0.03485576923076923 0.04447115384615385