3 0.6742788461538461 0.40865384615384615 0.02403846153846154 0.06129807692307692
3 0.6826923076923077 0.4338942307692308 0.02283653846153846 0.056490384615384616
3 0.5877403846153846 0.390625 0.026442307692307692 0.0625
3 0.6033653846153846 0.28365384615384615 0.02403846153846154 0.06370192307692307
2 0.38341346153846156 0.7704326923076923 0.06610576923076923 0.054086538461538464
2 0.33052884615384615 0.24879807692307693 0.07211538461538461 0.036057692307692304
2 0.2620192307692308 0.7403846153846154 0.09375 0.056490384615384616
2 0.09134615384615384 0.7151442307692307 0.07932692307692307 0.04567307692307692
2 0.30408653846153844 0.6490384615384616 0.09254807692307693 0.038461538461538464
2 0.07572115384615384 0.4519230769230769 0.07211538461538461 0.04447115384615385
2 0.4795673076923077 0.5072115384615384 0.04567307692307692 0.052884615384615384
2 0.4735576923076923 0.39663461538461536 0.036057692307692304 0.04567307692307692
2 0.20673076923076922 0.2980769230769231 0.0625 0.03245192307692308
2 0.4098557692307692 0.8161057692307693 0.025240384615384616 0.06370192307692307