3 0.6165865384615384 0.6766826923076923 0.03245192307692308 0.040865384615384616
3 0.6189903846153846 0.31009615384615385 0.03245192307692308 0.06610576923076923
3 0.7199519230769231 0.5144230769230769 0.030048076923076924 0.06370192307692307
3 0.6887019230769231 0.5745192307692307 0.02403846153846154 0.06129807692307692
3 0.6394230769230769 0.5108173076923077 0.03485576923076923 0.08413461538461539
2 0.07572115384615384 0.4074519230769231 0.06129807692307692 0.04447115384615385
2 0.28725961538461536 0.35697115384615385 0.037259615384615384 0.030048076923076924
2 0.2668269230769231 0.28846153846153844 0.04567307692307692 0.030048076923076924
2 0.4254807692307692 0.3233173076923077 0.037259615384615384 0.030048076923076924
2 0.19471153846153846 0.34615384615384615 0.040865384615384616 0.03485576923076923
2 0.38100961538461536 0.43028846153846156 0.04447115384615385 0.03365384615384615
2 0.3088942307692308 0.421875 0.042067307692307696 0.027644230769230768
2 0.29086538461538464 0.45552884615384615 0.06610576923076923 0.036057692307692304
2 0.24278846153846154 0.5144230769230769 0.06129807692307692 0.037259615384615384
2 0.25 0.6069711538461539 0.07211538461538461 0.06129807692307692
2 0.5132211538461539 0.5961538461538461 0.04927884615384615 0.046875
2 0.15504807692307693 0.8509615384615384 0.08173076923076923 0.03485576923076923