2 0.06370192307692307 0.6225961538461539 0.05889423076923077 0.03485576923076923
2 0.4110576923076923 0.32211538461538464 0.02283653846153846 0.03245192307692308
2 0.3112980769230769 0.28365384615384615 0.052884615384615384 0.03365384615384615
2 0.13701923076923078 0.28725961538461536 0.055288461538461536 0.037259615384615384
2 0.15504807692307693 0.35216346153846156 0.037259615384615384 0.026442307692307692
2 0.4675480769230769 0.3894230769230769 0.037259615384615384 0.025240384615384616
2 0.5252403846153846 0.49038461538461536 0.07572115384615384 0.03485576923076923
2 0.5649038461538461 0.6177884615384616 0.06610576923076923 0.06009615384615385
2 0.5997596153846154 0.7872596153846154 0.054086538461538464 0.06610576923076923
3 0.7007211538461539 0.3713942307692308 0.03485576923076923 0.07091346153846154
3 0.6814903846153846 0.484375 0.025240384615384616 0.056490384615384616
3 0.7283653846153846 0.5685096153846154 0.02403846153846154 0.07211538461538461
3 0.7199519230769231 0.5180288461538461 0.019230769230769232 0.05048076923076923
3 0.8161057692307693 0.7752403846153846 0.07932692307692307 0.028846153846153848
3 0.8786057692307693 0.8197115384615384 0.055288461538461536 0.02403846153846154
3 0.875 0.7560096153846154 0.06129807692307692 0.042067307692307696
3 0.6706730769230769 0.33413461538461536 0.026442307692307692 0.030048076923076924
2 0.019230769230769232 0.6754807692307693 0.027644230769230768 0.03365384615384615
2 0.2860576923076923 0.7884615384615384 0.13221153846153846 0.04807692307692308
2 0.39783653846153844 0.7139423076923077 0.08052884615384616 0.05048076923076923
2 0.3389423076923077 0.6081730769230769 0.05889423076923077 0.040865384615384616
2 0.45072115384615385 0.5865384615384616 0.04567307692307692 0.052884615384615384