2 0.30408653846153844 0.8341346153846154 0.054086538461538464 0.026442307692307692
2 0.3137019230769231 0.7199519230769231 0.0625 0.054086538461538464
2 0.3425480769230769 0.6394230769230769 0.04567307692307692 0.03245192307692308
2 0.4639423076923077 0.5949519230769231 0.06850961538461539 0.04567307692307692
2 0.28725961538461536 0.5492788461538461 0.05048076923076923 0.020432692307692308
2 0.27163461538461536 0.4326923076923077 0.03245192307692308 0.03245192307692308
2 0.16105769230769232 0.40865384615384615 0.052884615384615384 0.026442307692307692
2 0.13221153846153846 0.35096153846153844 0.030048076923076924 0.036057692307692304
2 0.40384615384615385 0.375 0.037259615384615384 0.019230769230769232
2 0.5024038461538461 0.3233173076923077 0.04326923076923077 0.020432692307692308
2 0.3762019230769231 0.3269230769230769 0.04927884615384615 0.02403846153846154
2 0.4182692307692308 0.27524038461538464 0.04567307692307692 0.025240384615384616
3 0.6911057692307693 0.7620192307692307 0.040865384615384616 0.07692307692307693
3 0.6394230769230769 0.7295673076923077 0.03485576923076923 0.04567307692307692
3 0.7391826923076923 0.6117788461538461 0.036057692307692304 0.056490384615384616
3 0.6971153846153846 0.5817307692307693 0.03245192307692308 0.078125
3 0.7319711538461539 0.5637019230769231 0.03245192307692308 0.0733173076923077
3 0.6322115384615384 0.43509615384615385 0.021634615384615384 0.08052884615384616
3 0.6225961538461539 0.3737980769230769 0.030048076923076924 0.09495192307692307
3 0.59375 0.18629807692307693 0.016826923076923076 0.038461538461538464
3 0.6334134615384616 0.29086538461538464 0.02283653846153846 0.06490384615384616