2 0.4014423076923077 0.4074519230769231 0.039663461538461536 0.021634615384615384
2 0.4170673076923077 0.4807692307692308 0.07211538461538461 0.03245192307692308
3 0.7235576923076923 0.4639423076923077 0.02403846153846154 0.05889423076923077
2 0.4014423076923077 0.5516826923076923 0.05048076923076923 0.05048076923076923
2 0.11538461538461539 0.5204326923076923 0.03245192307692308 0.03245192307692308
2 0.18629807692307693 0.5552884615384616 0.06850961538461539 0.03365384615384615
2 0.2848557692307692 0.5625 0.052884615384615384 0.027644230769230768
2 0.30408653846153844 0.5264423076923077 0.04326923076923077 0.027644230769230768
2 0.11538461538461539 0.5949519230769231 0.08173076923076923 0.028846153846153848
2 0.08413461538461539 0.6899038461538461 0.07211538461538461 0.038461538461538464
2 0.18028846153846154 0.7848557692307693 0.09735576923076923 0.04326923076923077
2 0.2608173076923077 0.7331730769230769 0.08052884615384616 0.03485576923076923
2 0.41225961538461536 0.7427884615384616 0.07692307692307693 0.037259615384615384
2 0.6826923076923077 0.6189903846153846 0.04927884615384615 0.036057692307692304
2 0.8076923076923077 0.8497596153846154 0.13942307692307693 0.056490384615384616
3 0.7632211538461539 0.5324519230769231 0.028846153846153848 0.055288461538461536
3 0.8978365384615384 0.5721153846153846 0.038461538461538464 0.09615384615384616
3 0.8629807692307693 0.5336538461538461 0.036057692307692304 0.109375