3 0.6706730769230769 0.45072115384615385 0.021634615384615384 0.06009615384615385
3 0.7007211538461539 0.29086538461538464 0.02403846153846154 0.042067307692307696
3 0.6995192307692307 0.3425480769230769 0.016826923076923076 0.037259615384615384
3 0.6646634615384616 0.3233173076923077 0.02403846153846154 0.05048076923076923
3 0.71875 0.5456730769230769 0.03245192307692308 0.06370192307692307
3 0.7620192307692307 0.5829326923076923 0.027644230769230768 0.05889423076923077
3 0.8028846153846154 0.7355769230769231 0.0673076923076923 0.038461538461538464
2 0.5576923076923077 0.6033653846153846 0.06009615384615385 0.04807692307692308
2 0.27524038461538464 0.5612980769230769 0.10576923076923077 0.03365384615384615
2 0.19471153846153846 0.6394230769230769 0.0673076923076923 0.05889423076923077
2 0.44471153846153844 0.6454326923076923 0.07692307692307693 0.06610576923076923
2 0.5168269230769231 0.734375 0.08052884615384616 0.05048076923076923
2 0.3449519230769231 0.7716346153846154 0.07211538461538461 0.051682692307692304
2 0.12860576923076922 0.7247596153846154 0.07451923076923077 0.051682692307692304
3 0.859375 0.7175480769230769 0.04447115384615385 0.06370192307692307
2 0.28125 0.27403846153846156 0.06490384615384616 0.020432692307692308
2 0.19230769230769232 0.3125 0.055288461538461536 0.025240384615384616
2 0.39663461538461536 0.26322115384615385 0.04567307692307692 0.026442307692307692
2 0.3401442307692308 0.30288461538461536 0.04567307692307692 0.026442307692307692
2 0.1045673076923077 0.45072115384615385 0.055288461538461536 0.028846153846153848
2 0.5432692307692307 0.39903846153846156 0.052884615384615384 0.051682692307692304
2 0.5252403846153846 0.5300480769230769 0.056490384615384616 0.07451923076923077