3 0.8100961538461539 0.7644230769230769 0.07451923076923077 0.04326923076923077
3 0.6742788461538461 0.4675480769230769 0.02403846153846154 0.06610576923076923
3 0.6646634615384616 0.328125 0.021634615384615384 0.03485576923076923
3 0.6971153846153846 0.36177884615384615 0.03245192307692308 0.06009615384615385
2 0.09375 0.6334134615384616 0.06971153846153846 0.046875
2 0.32091346153846156 0.5997596153846154 0.06850961538461539 0.03245192307692308
2 0.4831730769230769 0.39663461538461536 0.05048076923076923 0.04326923076923077
2 0.3389423076923077 0.28846153846153844 0.037259615384615384 0.037259615384615384
2 0.4423076923076923 0.2764423076923077 0.04567307692307692 0.04447115384615385
2 0.3894230769230769 0.32211538461538464 0.0733173076923077 0.021634615384615384
2 0.13221153846153846 0.3449519230769231 0.030048076923076924 0.038461538461538464
2 0.039663461538461536 0.44350961538461536 0.055288461538461536 0.03365384615384615
2 0.4795673076923077 0.59375 0.06370192307692307 0.04326923076923077
2 0.546875 0.4855769230769231 0.09254807692307693 0.042067307692307696
2 0.5661057692307693 0.7512019230769231 0.08413461538461539 0.06610576923076923
2 0.42788461538461536 0.8293269230769231 0.08173076923076923 0.04326923076923077
2 0.23798076923076922 0.7704326923076923 0.06370192307692307 0.040865384615384616
2 0.4182692307692308 0.7151442307692307 0.09975961538461539 0.04447115384615385
3 0.7283653846153846 0.5432692307692307 0.040865384615384616 0.07211538461538461
3 0.8617788461538461 0.7487980769230769 0.054086538461538464 0.06370192307692307