3 0.5865384615384616 0.39302884615384615 0.037259615384615384 0.06610576923076923
3 0.5889423076923077 0.2692307692307692 0.027644230769230768 0.06129807692307692
3 0.6682692307692307 0.39903846153846156 0.025240384615384616 0.054086538461538464
2 0.3641826923076923 0.7692307692307693 0.056490384615384616 0.06009615384615385
2 0.41346153846153844 0.7956730769230769 0.02403846153846154 0.04326923076923077
2 0.2512019230769231 0.7307692307692307 0.0625 0.038461538461538464
2 0.34134615384615385 0.6538461538461539 0.07091346153846154 0.036057692307692304
2 0.06610576923076923 0.6971153846153846 0.06610576923076923 0.042067307692307696
2 0.08653846153846154 0.4519230769230769 0.0625 0.04326923076923077
2 0.45913461538461536 0.5036057692307693 0.056490384615384616 0.04326923076923077
2 0.042067307692307696 0.3329326923076923 0.06490384615384616 0.040865384615384616
2 0.04567307692307692 0.2692307692307692 0.04567307692307692 0.020432692307692308
2 0.21033653846153846 0.3004807692307692 0.05889423076923077 0.025240384615384616
2 0.3329326923076923 0.2512019230769231 0.04326923076923077 0.025240384615384616
2 0.17908653846153846 0.23918269230769232 0.04567307692307692 0.030048076923076924