3 0.6742788461538461 0.3233173076923077 0.020432692307692308 0.055288461538461536
3 0.7584134615384616 0.5600961538461539 0.02403846153846154 0.06370192307692307
3 0.7175480769230769 0.5252403846153846 0.019230769230769232 0.06850961538461539
3 0.671875 0.45552884615384615 0.013221153846153846 0.06129807692307692
3 0.8545673076923077 0.71875 0.056490384615384616 0.056490384615384616
3 0.7980769230769231 0.7475961538461539 0.055288461538461536 0.06009615384615385
3 0.7055288461538461 0.3581730769230769 0.015625 0.05889423076923077
2 0.49759615384615385 0.7283653846153846 0.07932692307692307 0.04567307692307692
2 0.59375 0.47596153846153844 0.03485576923076923 0.04807692307692308
2 0.5264423076923077 0.39663461538461536 0.04807692307692308 0.038461538461538464
2 0.5384615384615384 0.5480769230769231 0.046875 0.04567307692307692
2 0.5384615384615384 0.6033653846153846 0.05048076923076923 0.036057692307692304
2 0.48197115384615385 0.6706730769230769 0.054086538461538464 0.046875
2 0.27163461538461536 0.2776442307692308 0.03125 0.020432692307692308
2 0.18509615384615385 0.31971153846153844 0.03245192307692308 0.028846153846153848
2 0.09615384615384616 0.27403846153846156 0.038461538461538464 0.02403846153846154
2 0.0985576923076923 0.3293269230769231 0.04567307692307692 0.03245192307692308
2 0.36538461538461536 0.7932692307692307 0.08173076923076923 0.06610576923076923
2 0.2692307692307692 0.5793269230769231 0.06850961538461539 0.040865384615384616
2 0.09735576923076923 0.45552884615384615 0.040865384615384616 0.036057692307692304
2 0.37740384615384615 0.2920673076923077 0.025240384615384616 0.03245192307692308
2 0.23317307692307693 0.23317307692307693 0.03485576923076923 0.042067307692307696
2 0.34375 0.3125 0.038461538461538464 0.038461538461538464
2 0.16105769230769232 0.7223557692307693 0.08173076923076923 0.046875
2 0.17548076923076922 0.6430288461538461 0.06370192307692307 0.027644230769230768