3 0.7259615384615384 0.5480769230769231 0.03485576923076923 0.07692307692307693
3 0.7740384615384616 0.5697115384615384 0.03485576923076923 0.052884615384615384
3 0.8088942307692307 0.7247596153846154 0.04807692307692308 0.036057692307692304
3 0.6682692307692307 0.45913461538461536 0.025240384615384616 0.06009615384615385
3 0.7235576923076923 0.35216346153846156 0.03245192307692308 0.07932692307692307
3 0.6550480769230769 0.3233173076923077 0.037259615384615384 0.04807692307692308
2 0.484375 0.5024038461538461 0.038461538461538464 0.03365384615384615
2 0.3088942307692308 0.7451923076923077 0.06370192307692307 0.054086538461538464
2 0.5552884615384616 0.7211538461538461 0.06490384615384616 0.052884615384615384
2 0.4074519230769231 0.6165865384615384 0.056490384615384616 0.05048076923076923
2 0.09254807692307693 0.7007211538461539 0.08774038461538461 0.0733173076923077
2 0.23918269230769232 0.6490384615384616 0.05889423076923077 0.036057692307692304
2 0.21033653846153846 0.5528846153846154 0.054086538461538464 0.05048076923076923
2 0.5805288461538461 0.6045673076923077 0.056490384615384616 0.03245192307692308
2 0.5625 0.39783653846153844 0.057692307692307696 0.028846153846153848
2 0.025240384615384616 0.44471153846153844 0.03485576923076923 0.051682692307692304
2 0.2283653846153846 0.32091346153846156 0.02283653846153846 0.019230769230769232
2 0.31490384615384615 0.2800480769230769 0.04326923076923077 0.026442307692307692
2 0.056490384615384616 0.2668269230769231 0.03485576923076923 0.014423076923076924
2 0.036057692307692304 0.31490384615384615 0.03245192307692308 0.03245192307692308
2 0.140625 0.46153846153846156 0.056490384615384616 0.020432692307692308
2 0.42788461538461536 0.2932692307692308 0.04807692307692308 0.027644230769230768