2 0.03245192307692308 0.4675480769230769 0.056490384615384616 0.021634615384615384
2 0.5132211538461539 0.4831730769230769 0.056490384615384616 0.042067307692307696
2 0.375 0.5288461538461539 0.07211538461538461 0.06009615384615385
2 0.23918269230769232 0.546875 0.054086538461538464 0.037259615384615384
2 0.13221153846153846 0.5396634615384616 0.06129807692307692 0.04567307692307692
2 0.27283653846153844 0.6105769230769231 0.078125 0.04326923076923077
2 0.3425480769230769 0.6766826923076923 0.09495192307692307 0.046875
2 0.3076923076923077 0.4326923076923077 0.046875 0.02403846153846154
2 0.140625 0.6153846153846154 0.07211538461538461 0.030048076923076924
2 0.16947115384615385 0.4951923076923077 0.04326923076923077 0.040865384615384616
2 0.4338942307692308 0.44350961538461536 0.046875 0.03365384615384615
3 0.6502403846153846 0.5540865384615384 0.015625 0.07451923076923077
3 0.6298076923076923 0.484375 0.026442307692307692 0.055288461538461536
3 0.7716346153846154 0.6141826923076923 0.03485576923076923 0.08413461538461539
3 0.7512019230769231 0.5877403846153846 0.040865384615384616 0.07091346153846154