2 0.3786057692307692 0.6274038461538461 0.08413461538461539 0.054086538461538464
2 0.3473557692307692 0.6935096153846154 0.09254807692307693 0.06850961538461539
2 0.5733173076923077 0.7848557692307693 0.04326923076923077 0.051682692307692304
2 0.3245192307692308 0.796875 0.11057692307692307 0.056490384615384616
3 0.8677884615384616 0.7596153846153846 0.051682692307692304 0.06129807692307692
2 0.1814903846153846 0.25600961538461536 0.027644230769230768 0.028846153846153848
2 0.48197115384615385 0.2848557692307692 0.04927884615384615 0.028846153846153848
2 0.4387019230769231 0.32572115384615385 0.037259615384615384 0.040865384615384616
2 0.19110576923076922 0.34975961538461536 0.040865384615384616 0.037259615384615384
2 0.43509615384615385 0.37259615384615385 0.054086538461538464 0.030048076923076924
2 0.5673076923076923 0.47475961538461536 0.04807692307692308 0.04447115384615385
2 0.47716346153846156 0.4807692307692308 0.06850961538461539 0.051682692307692304
2 0.5372596153846154 0.5961538461538461 0.04807692307692308 0.055288461538461536
2 0.41225961538461536 0.5709134615384616 0.0625 0.03365384615384615
3 0.8064903846153846 0.7644230769230769 0.08173076923076923 0.05048076923076923
3 0.7115384615384616 0.5865384615384616 0.019230769230769232 0.03365384615384615
3 0.7247596153846154 0.5432692307692307 0.03125 0.03485576923076923
3 0.6995192307692307 0.4855769230769231 0.037259615384615384 0.04447115384615385
3 0.6983173076923077 0.35336538461538464 0.028846153846153848 0.05889423076923077