3 0.7644230769230769 0.5612980769230769 0.026442307692307692 0.0625
3 0.7980769230769231 0.6983173076923077 0.07692307692307693 0.052884615384615384
3 0.703125 0.40865384615384615 0.025240384615384616 0.07091346153846154
2 0.4338942307692308 0.46153846153846156 0.036057692307692304 0.018028846153846152
2 0.23798076923076922 0.6802884615384616 0.0673076923076923 0.028846153846153848
2 0.30528846153846156 0.6370192307692307 0.06370192307692307 0.03245192307692308
2 0.3485576923076923 0.5564903846153846 0.057692307692307696 0.04447115384615385
2 0.1502403846153846 0.5096153846153846 0.051682692307692304 0.046875
2 0.5048076923076923 0.3894230769230769 0.05048076923076923 0.04326923076923077
2 0.5829326923076923 0.5504807692307693 0.056490384615384616 0.038461538461538464
2 0.03485576923076923 0.5480769230769231 0.04326923076923077 0.042067307692307696
2 0.08413461538461539 0.44350961538461536 0.02403846153846154 0.03485576923076923
2 0.20793269230769232 0.4639423076923077 0.03365384615384615 0.021634615384615384
3 0.6850961538461539 0.3317307692307692 0.019230769230769232 0.051682692307692304
3 0.6478365384615384 0.42788461538461536 0.018028846153846152 0.0733173076923077
3 0.6574519230769231 0.31971153846153844 0.010817307692307692 0.04567307692307692