3 0.5612980769230769 0.4891826923076923 0.025240384615384616 0.054086538461538464
3 0.6057692307692307 0.7091346153846154 0.025240384615384616 0.07692307692307693
3 0.6838942307692307 0.6346153846153846 0.025240384615384616 0.07932692307692307
3 0.65625 0.6081730769230769 0.028846153846153848 0.07211538461538461
3 0.6454326923076923 0.7211538461538461 0.02403846153846154 0.06490384615384616
3 0.5733173076923077 0.5661057692307693 0.016826923076923076 0.055288461538461536
2 0.359375 0.578125 0.03485576923076923 0.03485576923076923
2 0.26802884615384615 0.65625 0.07451923076923077 0.04807692307692308
2 0.421875 0.6586538461538461 0.054086538461538464 0.04567307692307692
2 0.26802884615384615 0.5757211538461539 0.04807692307692308 0.03485576923076923
2 0.10817307692307693 0.4807692307692308 0.04567307692307692 0.040865384615384616
2 0.3329326923076923 0.4831730769230769 0.03245192307692308 0.019230769230769232
2 0.40024038461538464 0.4519230769230769 0.03485576923076923 0.026442307692307692