2 0.4230769230769231 0.609375 0.046875 0.04807692307692308
2 0.4735576923076923 0.6790865384615384 0.03245192307692308 0.038461538461538464
2 0.33052884615384615 0.6887019230769231 0.06009615384615385 0.03485576923076923
3 0.671875 0.6911057692307693 0.030048076923076924 0.05889423076923077
3 0.6129807692307693 0.7115384615384616 0.02403846153846154 0.06971153846153846
3 0.6742788461538461 0.625 0.036057692307692304 0.055288461538461536
3 0.6598557692307693 0.5997596153846154 0.026442307692307692 0.055288461538461536
3 0.5661057692307693 0.578125 0.016826923076923076 0.052884615384615384
3 0.5661057692307693 0.4987980769230769 0.019230769230769232 0.051682692307692304
2 0.09975961538461539 0.43990384615384615 0.02403846153846154 0.025240384615384616
2 0.15865384615384615 0.49278846153846156 0.037259615384615384 0.02403846153846154
2 0.2860576923076923 0.47836538461538464 0.040865384615384616 0.027644230769230768
2 0.4254807692307692 0.4807692307692308 0.026442307692307692 0.03365384615384615
2 0.3269230769230769 0.5733173076923077 0.07932692307692307 0.030048076923076924