2 0.28365384615384615 0.5685096153846154 0.05048076923076923 0.03245192307692308
3 0.8834134615384616 0.5733173076923077 0.03245192307692308 0.0829326923076923
3 0.8485576923076923 0.5540865384615384 0.042067307692307696 0.07451923076923077
3 0.7584134615384616 0.5324519230769231 0.02403846153846154 0.06971153846153846
3 0.7151442307692307 0.45072115384615385 0.026442307692307692 0.056490384615384616
2 0.07211538461538461 0.5204326923076923 0.04807692307692308 0.030048076923076924
2 0.5997596153846154 0.49759615384615385 0.0673076923076923 0.038461538461538464
2 0.38822115384615385 0.48677884615384615 0.04447115384615385 0.040865384615384616
2 0.3786057692307692 0.5516826923076923 0.042067307692307696 0.05889423076923077
2 0.17307692307692307 0.8100961538461539 0.11899038461538461 0.028846153846153848
2 0.027644230769230768 0.7043269230769231 0.05048076923076923 0.040865384615384616
2 0.04927884615384615 0.5901442307692307 0.07211538461538461 0.027644230769230768
2 0.1658653846153846 0.5600961538461539 0.04807692307692308 0.038461538461538464
2 0.21033653846153846 0.7403846153846154 0.06009615384615385 0.042067307692307696
2 0.3473557692307692 0.7560096153846154 0.08413461538461539 0.04447115384615385
2 0.6490384615384616 0.6418269230769231 0.06490384615384616 0.046875