2 0.28846153846153844 0.6634615384615384 0.0673076923076923 0.021634615384615384
3 0.5973557692307693 0.7103365384615384 0.037259615384615384 0.07091346153846154
3 0.6394230769230769 0.7223557692307693 0.03485576923076923 0.07692307692307693
3 0.6634615384615384 0.609375 0.030048076923076924 0.06971153846153846
2 0.4387019230769231 0.671875 0.05889423076923077 0.038461538461538464
2 0.38822115384615385 0.5913461538461539 0.04567307692307692 0.025240384615384616
2 0.27283653846153844 0.5733173076923077 0.03365384615384615 0.02403846153846154
2 0.43990384615384615 0.4807692307692308 0.038461538461538464 0.030048076923076924
2 0.31971153846153844 0.4831730769230769 0.021634615384615384 0.026442307692307692
3 0.6802884615384616 0.6394230769230769 0.02283653846153846 0.0733173076923077
3 0.5673076923076923 0.5769230769230769 0.019230769230769232 0.06610576923076923
3 0.5649038461538461 0.49759615384615385 0.027644230769230768 0.056490384615384616