2 0.18990384615384615 0.3473557692307692 0.02403846153846154 0.025240384615384616
2 0.1622596153846154 0.28365384615384615 0.04807692307692308 0.021634615384615384
2 0.31971153846153844 0.3076923076923077 0.026442307692307692 0.026442307692307692
2 0.31490384615384615 0.33653846153846156 0.026442307692307692 0.02403846153846154
2 0.014423076923076924 0.3954326923076923 0.027644230769230768 0.051682692307692304
2 0.08774038461538461 0.3293269230769231 0.04807692307692308 0.03365384615384615
2 0.13581730769230768 0.3737980769230769 0.054086538461538464 0.04447115384615385
2 0.18870192307692307 0.4411057692307692 0.054086538461538464 0.05889423076923077
2 0.33653846153846156 0.4831730769230769 0.07692307692307693 0.0625
2 0.2091346153846154 0.5769230769230769 0.0889423076923077 0.056490384615384616
2 0.08413461538461539 0.6069711538461539 0.08774038461538461 0.052884615384615384
3 0.9254807692307693 0.2692307692307692 0.026442307692307692 0.04326923076923077
3 0.6129807692307693 0.2091346153846154 0.027644230769230768 0.051682692307692304
3 0.609375 0.24639423076923078 0.02283653846153846 0.051682692307692304
3 0.6346153846153846 0.25961538461538464 0.014423076923076924 0.04326923076923077
3 0.6177884615384616 0.32211538461538464 0.021634615384615384 0.06610576923076923
3 0.625 0.3629807692307692 0.02283653846153846 0.0625
3 0.7043269230769231 0.5252403846153846 0.03245192307692308 0.04807692307692308
3 0.7103365384615384 0.46634615384615385 0.02283653846153846 0.054086538461538464
3 0.671875 0.48677884615384615 0.027644230769230768 0.06490384615384616
3 0.6742788461538461 0.5649038461538461 0.04567307692307692 0.056490384615384616
3 0.6310096153846154 0.6129807692307693 0.042067307692307696 0.046875
3 0.6538461538461539 0.6682692307692307 0.04326923076923077 0.056490384615384616
2 0.41225961538461536 0.24639423076923078 0.04567307692307692 0.025240384615384616
2 0.203125 0.2439903846153846 0.028846153846153848 0.021634615384615384
2 0.19951923076923078 0.2127403846153846 0.052884615384615384 0.015625
2 0.40865384615384615 0.27403846153846156 0.06370192307692307 0.026442307692307692