3 0.6911057692307693 0.7403846153846154 0.030048076923076924 0.07451923076923077
3 0.6466346153846154 0.7512019230769231 0.038461538461538464 0.037259615384615384
3 0.7487980769230769 0.6466346153846154 0.025240384615384616 0.06610576923076923
3 0.6971153846153846 0.5973557692307693 0.04807692307692308 0.078125
3 0.7415865384615384 0.5757211538461539 0.027644230769230768 0.0625
3 0.6370192307692307 0.4519230769230769 0.03125 0.09254807692307693
3 0.6322115384615384 0.38221153846153844 0.028846153846153848 0.07091346153846154
3 0.6081730769230769 0.2824519230769231 0.01201923076923077 0.056490384615384616
3 0.6346153846153846 0.29086538461538464 0.019230769230769232 0.026442307692307692
3 0.6009615384615384 0.18509615384615385 0.02403846153846154 0.03485576923076923
2 0.3329326923076923 0.7463942307692307 0.08173076923076923 0.04326923076923077
2 0.31850961538461536 0.6502403846153846 0.08173076923076923 0.04567307692307692
2 0.4987980769230769 0.6105769230769231 0.06610576923076923 0.04567307692307692
2 0.2980769230769231 0.5709134615384616 0.06129807692307692 0.03365384615384615
2 0.40024038461538464 0.2800480769230769 0.040865384615384616 0.036057692307692304
2 0.2608173076923077 0.28725961538461536 0.03485576923076923 0.036057692307692304
2 0.25240384615384615 0.3473557692307692 0.038461538461538464 0.025240384615384616
2 0.5276442307692307 0.3329326923076923 0.05889423076923077 0.040865384615384616
2 0.421875 0.38221153846153844 0.04447115384615385 0.03245192307692308
2 0.16947115384615385 0.43149038461538464 0.06850961538461539 0.06009615384615385
2 0.2920673076923077 0.453125 0.04807692307692308 0.037259615384615384
2 0.0889423076923077 0.5096153846153846 0.036057692307692304 0.052884615384615384
2 0.2932692307692308 0.25961538461538464 0.027644230769230768 0.026442307692307692
2 0.055288461538461536 0.23317307692307693 0.027644230769230768 0.025240384615384616