2 0.359375 0.6935096153846154 0.05889423076923077 0.036057692307692304
2 0.44350961538461536 0.49399038461538464 0.026442307692307692 0.021634615384615384
2 0.28125 0.47596153846153844 0.03245192307692308 0.025240384615384616
2 0.3401442307692308 0.5889423076923077 0.06129807692307692 0.03365384615384615
2 0.030048076923076924 0.546875 0.03485576923076923 0.014423076923076924
2 0.17908653846153846 0.4987980769230769 0.04807692307692308 0.030048076923076924
2 0.47716346153846156 0.6778846153846154 0.03485576923076923 0.028846153846153848
3 0.5600961538461539 0.5024038461538461 0.015625 0.05048076923076923
3 0.5685096153846154 0.5841346153846154 0.02403846153846154 0.04447115384615385
3 0.6634615384615384 0.6274038461538461 0.028846153846153848 0.06971153846153846
3 0.6802884615384616 0.6442307692307693 0.019230769230769232 0.05889423076923077
3 0.6141826923076923 0.7175480769230769 0.037259615384615384 0.0829326923076923
2 0.4387019230769231 0.6141826923076923 0.03245192307692308 0.03485576923076923