2 0.24639423076923078 0.34134615384615385 0.05048076923076923 0.021634615384615384
2 0.3545673076923077 0.41346153846153844 0.038461538461538464 0.028846153846153848
2 0.4254807692307692 0.4266826923076923 0.037259615384615384 0.03365384615384615
2 0.39903846153846156 0.36658653846153844 0.03365384615384615 0.021634615384615384
2 0.37740384615384615 0.30649038461538464 0.054086538461538464 0.027644230769230768
2 0.5144230769230769 0.41225961538461536 0.027644230769230768 0.051682692307692304
2 0.3016826923076923 0.5120192307692307 0.040865384615384616 0.030048076923076924
2 0.025240384615384616 0.3858173076923077 0.04567307692307692 0.03245192307692308
2 0.24519230769230768 0.4266826923076923 0.040865384615384616 0.027644230769230768
2 0.43149038461538464 0.6286057692307693 0.0625 0.03365384615384615
2 0.16346153846153846 0.5516826923076923 0.04927884615384615 0.06610576923076923
2 0.22355769230769232 0.8221153846153846 0.078125 0.051682692307692304
2 0.5120192307692307 0.8064903846153846 0.037259615384615384 0.040865384615384616
2 0.46153846153846156 0.29086538461538464 0.04447115384615385 0.027644230769230768
3 0.6117788461538461 0.30649038461538464 0.02403846153846154 0.051682692307692304
3 0.7403846153846154 0.5492788461538461 0.03245192307692308 0.07932692307692307
3 0.6899038461538461 0.48677884615384615 0.027644230769230768 0.08173076923076923
3 0.6274038461538461 0.47475961538461536 0.021634615384615384 0.06009615384615385
3 0.6141826923076923 0.2512019230769231 0.027644230769230768 0.04326923076923077
3 0.7139423076923077 0.5877403846153846 0.030048076923076924 0.038461538461538464