3 0.6790865384615384 0.8293269230769231 0.040865384615384616 0.036057692307692304
3 0.6899038461538461 0.7379807692307693 0.04567307692307692 0.05889423076923077
3 0.7776442307692307 0.6995192307692307 0.037259615384615384 0.042067307692307696
3 0.7379807692307693 0.6538461538461539 0.04447115384615385 0.0625
3 0.7860576923076923 0.6514423076923077 0.02283653846153846 0.05048076923076923
3 0.6694711538461539 0.45913461538461536 0.021634615384615384 0.038461538461538464
3 0.6514423076923077 0.5132211538461539 0.020432692307692308 0.054086538461538464
3 0.6514423076923077 0.4266826923076923 0.02403846153846154 0.06850961538461539
3 0.65625 0.30528846153846156 0.03245192307692308 0.04807692307692308
3 0.6262019230769231 0.29086538461538464 0.02403846153846154 0.04447115384615385
3 0.6177884615384616 0.19831730769230768 0.019230769230769232 0.04567307692307692
2 0.055288461538461536 0.7199519230769231 0.07572115384615384 0.03365384615384615
2 0.19230769230769232 0.6706730769230769 0.08533653846153846 0.056490384615384616
2 0.3737980769230769 0.6466346153846154 0.07091346153846154 0.038461538461538464
2 0.5060096153846154 0.6454326923076923 0.07451923076923077 0.06610576923076923
2 0.16706730769230768 0.5841346153846154 0.07451923076923077 0.054086538461538464
2 0.24639423076923078 0.484375 0.040865384615384616 0.04447115384615385
2 0.36778846153846156 0.49759615384615385 0.04447115384615385 0.03245192307692308
2 0.3389423076923077 0.390625 0.04447115384615385 0.025240384615384616
2 0.3004807692307692 0.34615384615384615 0.07572115384615384 0.028846153846153848
2 0.47836538461538464 0.42788461538461536 0.05889423076923077 0.028846153846153848
2 0.5264423076923077 0.3449519230769231 0.039663461538461536 0.055288461538461536
2 0.25 0.27163461538461536 0.06850961538461539 0.025240384615384616
2 0.15144230769230768 0.24278846153846154 0.04567307692307692 0.03365384615384615
2 0.3918269230769231 0.24278846153846154 0.07211538461538461 0.026442307692307692