2 0.31009615384615385 0.42908653846153844 0.052884615384615384 0.03365384615384615
2 0.2860576923076923 0.6225961538461539 0.06850961538461539 0.038461538461538464
2 0.13822115384615385 0.6201923076923077 0.051682692307692304 0.040865384615384616
2 0.24879807692307693 0.5516826923076923 0.05048076923076923 0.042067307692307696
2 0.3173076923076923 0.5204326923076923 0.037259615384615384 0.03245192307692308
2 0.09735576923076923 0.5060096153846154 0.051682692307692304 0.03365384615384615
2 0.25961538461538464 0.6935096153846154 0.10576923076923077 0.026442307692307692
3 0.6165865384615384 0.5528846153846154 0.016826923076923076 0.06129807692307692
3 0.7127403846153846 0.5961538461538461 0.027644230769230768 0.0829326923076923
3 0.7379807692307693 0.6165865384615384 0.021634615384615384 0.09495192307692307
3 0.6057692307692307 0.4831730769230769 0.021634615384615384 0.051682692307692304