3 0.6490384615384616 0.3112980769230769 0.018028846153846152 0.04567307692307692
3 0.7716346153846154 0.7223557692307693 0.055288461538461536 0.056490384615384616
3 0.8329326923076923 0.703125 0.04807692307692308 0.05889423076923077
3 0.6887019230769231 0.5204326923076923 0.025240384615384616 0.06850961538461539
3 0.6658653846153846 0.46875 0.028846153846153848 0.06009615384615385
3 0.8197115384615384 0.7632211538461539 0.03485576923076923 0.03485576923076923
3 0.7211538461538461 0.7980769230769231 0.04807692307692308 0.03485576923076923
3 0.8605769230769231 0.8317307692307693 0.039663461538461536 0.03485576923076923
3 0.6983173076923077 0.4543269230769231 0.030048076923076924 0.038461538461538464
3 0.6814903846153846 0.3317307692307692 0.026442307692307692 0.06610576923076923
2 0.41947115384615385 0.4362980769230769 0.04807692307692308 0.04567307692307692
2 0.19591346153846154 0.8052884615384616 0.09254807692307693 0.05889423076923077
2 0.1045673076923077 0.6875 0.08653846153846154 0.05048076923076923
2 0.25961538461538464 0.6430288461538461 0.07211538461538461 0.05889423076923077
2 0.37740384615384615 0.7728365384615384 0.06971153846153846 0.051682692307692304
2 0.49759615384615385 0.7379807692307693 0.06370192307692307 0.040865384615384616
2 0.4254807692307692 0.6237980769230769 0.08774038461538461 0.05889423076923077
2 0.3269230769230769 0.5264423076923077 0.0625 0.03365384615384615
2 0.4543269230769231 0.5504807692307693 0.08173076923076923 0.052884615384615384
2 0.23798076923076922 0.35216346153846156 0.0733173076923077 0.026442307692307692
2 0.3762019230769231 0.35216346153846156 0.055288461538461536 0.040865384615384616
2 0.47475961538461536 0.3293269230769231 0.06129807692307692 0.03365384615384615
2 0.3112980769230769 0.2932692307692308 0.05048076923076923 0.038461538461538464