2 0.5637019230769231 0.6069711538461539 0.06610576923076923 0.042067307692307696
3 0.7079326923076923 0.36899038461538464 0.027644230769230768 0.07091346153846154
3 0.6766826923076923 0.4951923076923077 0.030048076923076924 0.06490384615384616
3 0.7199519230769231 0.49278846153846156 0.019230769230769232 0.052884615384615384
3 0.7199519230769231 0.5697115384615384 0.02403846153846154 0.07091346153846154
3 0.859375 0.7560096153846154 0.07692307692307693 0.06370192307692307
3 0.7956730769230769 0.7800480769230769 0.055288461538461536 0.04807692307692308
3 0.8762019230769231 0.8209134615384616 0.056490384615384616 0.04447115384615385
2 0.30288461538461536 0.2860576923076923 0.030048076923076924 0.025240384615384616
2 0.265625 0.29086538461538464 0.027644230769230768 0.019230769230769232
2 0.18389423076923078 0.3449519230769231 0.056490384615384616 0.026442307692307692
2 0.47716346153846156 0.28725961538461536 0.04567307692307692 0.037259615384615384
2 0.42427884615384615 0.328125 0.04567307692307692 0.02403846153846154
2 0.46274038461538464 0.3762019230769231 0.04807692307692308 0.03245192307692308
2 0.5144230769230769 0.4795673076923077 0.04326923076923077 0.03365384615384615
2 0.5793269230769231 0.45552884615384615 0.042067307692307696 0.04447115384615385
2 0.2956730769230769 0.7884615384615384 0.10336538461538461 0.052884615384615384
2 0.03365384615384615 0.6201923076923077 0.06009615384615385 0.04807692307692308
2 0.016826923076923076 0.6778846153846154 0.03365384615384615 0.038461538461538464
2 0.5901442307692307 0.7884615384615384 0.040865384615384616 0.054086538461538464
2 0.37259615384615385 0.7079326923076923 0.09975961538461539 0.052884615384615384
2 0.35216346153846156 0.6177884615384616 0.06971153846153846 0.040865384615384616
2 0.4326923076923077 0.5829326923076923 0.05048076923076923 0.04807692307692308