2 0.5420673076923077 0.34975961538461536 0.06370192307692307 0.046875
2 0.34975961538461536 0.6838942307692307 0.10096153846153846 0.056490384615384616
2 0.49759615384615385 0.6959134615384616 0.11298076923076923 0.05889423076923077
2 0.4963942307692308 0.578125 0.10336538461538461 0.056490384615384616
2 0.7884615384615384 0.6646634615384616 0.11538461538461539 0.0733173076923077
2 0.7475961538461539 0.47475961538461536 0.09495192307692307 0.051682692307692304
2 0.5396634615384616 0.4326923076923077 0.06370192307692307 0.04567307692307692
2 0.1935096153846154 0.49278846153846156 0.06370192307692307 0.04567307692307692
2 0.14543269230769232 0.39663461538461536 0.06370192307692307 0.04567307692307692
2 0.36658653846153844 0.3701923076923077 0.06370192307692307 0.04567307692307692
2 0.4879807692307692 0.24759615384615385 0.06370192307692307 0.04567307692307692