2 0.21754807692307693 0.47836538461538464 0.09134615384615384 0.051682692307692304
2 0.5925480769230769 0.30288461538461536 0.06370192307692307 0.04567307692307692
2 0.11177884615384616 0.3449519230769231 0.06370192307692307 0.04567307692307692
2 0.47836538461538464 0.33533653846153844 0.06370192307692307 0.04567307692307692
2 0.39903846153846156 0.3629807692307692 0.06370192307692307 0.04567307692307692
2 0.6682692307692307 0.4567307692307692 0.0829326923076923 0.051682692307692304
2 0.49038461538461536 0.41947115384615385 0.08653846153846154 0.046875
2 0.39783653846153844 0.6778846153846154 0.10576923076923077 0.06490384615384616
2 0.5492788461538461 0.6826923076923077 0.11899038461538461 0.054086538461538464
2 0.6959134615384616 0.6129807692307693 0.0889423076923077 0.06490384615384616
2 0.42908653846153844 0.5685096153846154 0.09975961538461539 0.056490384615384616