2 0.4483173076923077 0.22115384615384615 0.054086538461538464 0.038461538461538464
2 0.37259615384615385 0.25600961538461536 0.06370192307692307 0.04567307692307692
2 0.5817307692307693 0.2668269230769231 0.06370192307692307 0.04567307692307692
2 0.7247596153846154 0.28846153846153844 0.06370192307692307 0.046875
2 0.5360576923076923 0.3798076923076923 0.06370192307692307 0.04567307692307692
2 0.6574519230769231 0.3786057692307692 0.06370192307692307 0.04567307692307692
2 0.6742788461538461 0.44711538461538464 0.0829326923076923 0.046875
2 0.44471153846153844 0.4891826923076923 0.12139423076923077 0.06129807692307692
2 0.5973557692307693 0.609375 0.13581730769230768 0.07932692307692307
2 0.3557692307692308 0.6802884615384616 0.12620192307692307 0.07692307692307693
2 0.14302884615384615 0.65625 0.1310096153846154 0.06850961538461539
2 0.11778846153846154 0.7704326923076923 0.10817307692307693 0.07091346153846154
2 0.15264423076923078 0.5588942307692307 0.09975961538461539 0.04326923076923077
2 0.18509615384615385 0.3401442307692308 0.07091346153846154 0.056490384615384616