2 0.33533653846153844 0.6009615384615384 0.05048076923076923 0.06129807692307692
2 0.703125 0.7512019230769231 0.10216346153846154 0.038461538461538464
2 0.3161057692307692 0.7391826923076923 0.11538461538461539 0.038461538461538464
2 0.26802884615384615 0.4651442307692308 0.05889423076923077 0.036057692307692304
2 0.5072115384615384 0.2247596153846154 0.05889423076923077 0.036057692307692304
2 0.8197115384615384 0.3401442307692308 0.057692307692307696 0.036057692307692304
2 0.7211538461538461 0.37259615384615385 0.06490384615384616 0.036057692307692304
2 0.5360576923076923 0.3605769230769231 0.0673076923076923 0.036057692307692304
2 0.4170673076923077 0.4074519230769231 0.08413461538461539 0.036057692307692304
2 0.7932692307692307 0.49278846153846156 0.09375 0.037259615384615384
2 0.47475961538461536 0.46274038461538464 0.07572115384615384 0.037259615384615384
2 0.9639423076923077 0.3112980769230769 0.05889423076923077 0.036057692307692304
2 0.8221153846153846 0.5805288461538461 0.09134615384615384 0.06370192307692307
2 0.6526442307692307 0.2620192307692308 0.05889423076923077 0.036057692307692304
2 0.16706730769230768 0.640625 0.05048076923076923 0.051682692307692304