2 0.06490384615384616 0.6742788461538461 0.12139423076923077 0.054086538461538464
2 0.09014423076923077 0.8100961538461539 0.1045673076923077 0.07451923076923077
2 0.27884615384615385 0.7151442307692307 0.13341346153846154 0.06971153846153846
2 0.6117788461538461 0.640625 0.13701923076923078 0.06129807692307692
2 0.37259615384615385 0.5024038461538461 0.12620192307692307 0.06370192307692307
2 0.1466346153846154 0.5697115384615384 0.14182692307692307 0.06971153846153846
2 0.3762019230769231 0.27283653846153844 0.06370192307692307 0.04567307692307692
2 0.71875 0.2932692307692308 0.06370192307692307 0.04567307692307692
2 0.5961538461538461 0.2824519230769231 0.06370192307692307 0.04567307692307692
2 0.5384615384615384 0.3449519230769231 0.06370192307692307 0.04567307692307692
2 0.6730769230769231 0.46274038461538464 0.08533653846153846 0.054086538461538464
2 0.49038461538461536 0.38822115384615385 0.06370192307692307 0.04567307692307692
2 0.6213942307692307 0.39783653846153844 0.06370192307692307 0.04567307692307692