2 0.5420673076923077 0.1935096153846154 0.05889423076923077 0.036057692307692304
2 0.7632211538461539 0.2127403846153846 0.05889423076923077 0.037259615384615384
2 0.3293269230769231 0.4266826923076923 0.05889423076923077 0.036057692307692304
2 0.47475961538461536 0.27163461538461536 0.05889423076923077 0.036057692307692304
2 0.5769230769230769 0.25240384615384615 0.05889423076923077 0.036057692307692304
2 0.6490384615384616 0.3161057692307692 0.05889423076923077 0.036057692307692304
2 0.19951923076923078 0.7475961538461539 0.09495192307692307 0.04326923076923077
2 0.6045673076923077 0.7211538461538461 0.1141826923076923 0.07692307692307693
2 0.14903846153846154 0.6358173076923077 0.06971153846153846 0.0625
2 0.7235576923076923 0.5432692307692307 0.09254807692307693 0.052884615384615384
2 0.9362980769230769 0.5649038461538461 0.0673076923076923 0.038461538461538464
2 0.5276442307692307 0.4651442307692308 0.08413461538461539 0.051682692307692304
2 0.8545673076923077 0.49038461538461536 0.10216346153846154 0.046875
2 0.7620192307692307 0.36899038461538464 0.09375 0.046875
2 0.5841346153846154 0.3557692307692308 0.07932692307692307 0.04447115384615385
2 0.24639423076923078 0.4543269230769231 0.056490384615384616 0.055288461538461536