2 0.5276442307692307 0.23798076923076922 0.06370192307692307 0.04567307692307692
2 0.43028846153846156 0.671875 0.09134615384615384 0.052884615384615384
2 0.5805288461538461 0.6742788461538461 0.11298076923076923 0.051682692307692304
2 0.6622596153846154 0.5877403846153846 0.10216346153846154 0.052884615384615384
2 0.4026442307692308 0.5600961538461539 0.09375 0.046875
2 0.265625 0.47716346153846156 0.06370192307692307 0.04567307692307692
2 0.6310096153846154 0.44471153846153844 0.08774038461538461 0.046875
2 0.46033653846153844 0.41947115384615385 0.06370192307692307 0.046875
2 0.46634615384615385 0.3245192307692308 0.06370192307692307 0.036057692307692304
2 0.4206730769230769 0.36658653846153844 0.06370192307692307 0.046875
2 0.3605769230769231 0.2920673076923077 0.06370192307692307 0.04567307692307692
2 0.5985576923076923 0.30528846153846156 0.06370192307692307 0.036057692307692304