2 0.6334134615384616 0.3605769230769231 0.06129807692307692 0.04326923076923077
2 0.328125 0.7319711538461539 0.10817307692307693 0.08052884615384616
2 0.7391826923076923 0.7524038461538461 0.1466346153846154 0.08052884615384616
2 0.5240384615384616 0.5504807692307693 0.10817307692307693 0.08052884615384616
2 0.2800480769230769 0.6225961538461539 0.109375 0.08052884615384616
2 0.5685096153846154 0.4723557692307692 0.109375 0.04447115384615385
2 0.90625 0.5024038461538461 0.10817307692307693 0.051682692307692304
2 0.8954326923076923 0.42908653846153844 0.10817307692307693 0.04447115384615385
2 0.9290865384615384 0.33774038461538464 0.07572115384615384 0.04567307692307692
2 0.8137019230769231 0.37259615384615385 0.0829326923076923 0.05048076923076923
2 0.1502403846153846 0.4543269230769231 0.0673076923076923 0.04326923076923077
2 0.5961538461538461 0.3016826923076923 0.06370192307692307 0.030048076923076924
2 0.4831730769230769 0.30528846153846156 0.07451923076923077 0.02403846153846154
2 0.44471153846153844 0.234375 0.07451923076923077 0.042067307692307696
2 0.5661057692307693 0.23076923076923078 0.08413461538461539 0.042067307692307696
2 0.7103365384615384 0.5637019230769231 0.08173076923076923 0.056490384615384616
2 0.9074519230769231 0.5697115384615384 0.109375 0.06009615384615385