2 0.5600961538461539 0.5480769230769231 0.09495192307692307 0.04447115384615385
2 0.7632211538461539 0.5612980769230769 0.08653846153846154 0.051682692307692304
2 0.16826923076923078 0.44471153846153844 0.054086538461538464 0.06850961538461539
2 0.8737980769230769 0.4879807692307692 0.09735576923076923 0.046875
2 0.5564903846153846 0.47475961538461536 0.09375 0.051682692307692304
2 0.6298076923076923 0.35336538461538464 0.057692307692307696 0.037259615384615384
2 0.8052884615384616 0.3713942307692308 0.057692307692307696 0.037259615384615384
2 0.04567307692307692 0.6358173076923077 0.051682692307692304 0.06490384615384616
2 0.5036057692307693 0.30528846153846156 0.057692307692307696 0.036057692307692304
2 0.3942307692307692 0.7127403846153846 0.09615384615384616 0.042067307692307696
2 0.2956730769230769 0.6213942307692307 0.09495192307692307 0.051682692307692304
2 0.7896634615384616 0.7451923076923077 0.12860576923076922 0.06490384615384616