2 0.6466346153846154 0.5132211538461539 0.0625 0.03485576923076923
2 0.390625 0.44591346153846156 0.027644230769230768 0.036057692307692304
2 0.47115384615384615 0.4807692307692308 0.037259615384615384 0.028846153846153848
2 0.9134615384615384 0.7644230769230769 0.12620192307692307 0.08653846153846154
2 0.6766826923076923 0.6778846153846154 0.08413461538461539 0.046875
2 0.7644230769230769 0.46634615384615385 0.04326923076923077 0.021634615384615384
2 0.7175480769230769 0.49759615384615385 0.040865384615384616 0.02403846153846154
2 0.6153846153846154 0.45072115384615385 0.051682692307692304 0.03245192307692308
2 0.5 0.5348557692307693 0.06370192307692307 0.04326923076923077
2 0.7427884615384616 0.6442307692307693 0.07211538461538461 0.06009615384615385
2 0.22716346153846154 0.7043269230769231 0.08173076923076923 0.05889423076923077