2 0.5841346153846154 0.25721153846153844 0.06370192307692307 0.042067307692307696
2 0.1502403846153846 0.7596153846153846 0.09254807692307693 0.06009615384615385
2 0.21995192307692307 0.6430288461538461 0.11778846153846154 0.05048076923076923
2 0.40865384615384615 0.6730769230769231 0.10576923076923077 0.054086538461538464
2 0.16466346153846154 0.5408653846153846 0.09014423076923077 0.06490384615384616
2 0.5997596153846154 0.5901442307692307 0.125 0.046875
2 0.4723557692307692 0.48197115384615385 0.08774038461538461 0.05048076923076923
2 0.6550480769230769 0.42788461538461536 0.08774038461538461 0.046875
2 0.5408653846153846 0.3233173076923077 0.06370192307692307 0.046875
2 0.6971153846153846 0.37259615384615385 0.06370192307692307 0.04567307692307692
2 0.2403846153846154 0.34615384615384615 0.06370192307692307 0.04567307692307692
2 0.7067307692307693 0.2668269230769231 0.06370192307692307 0.04567307692307692
2 0.37259615384615385 0.24759615384615385 0.06370192307692307 0.04567307692307692