3 0.7752403846153846 0.5180288461538461 0.037259615384615384 0.052884615384615384
3 0.8653846153846154 0.5384615384615384 0.042067307692307696 0.08052884615384616
3 0.9026442307692307 0.5625 0.03485576923076923 0.08653846153846154
3 0.7319711538461539 0.4483173076923077 0.03125 0.05889423076923077
2 0.3161057692307692 0.7271634615384616 0.09975961538461539 0.051682692307692304
2 0.15625 0.6971153846153846 0.08173076923076923 0.04807692307692308
2 0.17548076923076922 0.5865384615384616 0.055288461538461536 0.03365384615384615
2 0.3317307692307692 0.5348557692307693 0.078125 0.038461538461538464
2 0.18269230769230768 0.7752403846153846 0.08533653846153846 0.042067307692307696
2 0.7127403846153846 0.6081730769230769 0.054086538461538464 0.04567307692307692
2 0.4519230769230769 0.47836538461538464 0.04326923076923077 0.028846153846153848
2 0.26322115384615385 0.48197115384615385 0.04326923076923077 0.021634615384615384
2 0.3125 0.41225961538461536 0.038461538461538464 0.03365384615384615
2 0.3858173076923077 0.43509615384615385 0.028846153846153848 0.025240384615384616
2 0.7644230769230769 0.8137019230769231 0.10336538461538461 0.046875
2 0.46153846153846156 0.7307692307692307 0.07211538461538461 0.03245192307692308