2 0.33774038461538464 0.6225961538461539 0.05889423076923077 0.06129807692307692
2 0.6322115384615384 0.2536057692307692 0.057692307692307696 0.036057692307692304
2 0.5168269230769231 0.22596153846153846 0.057692307692307696 0.036057692307692304
2 0.8149038461538461 0.49399038461538464 0.08653846153846154 0.037259615384615384
2 0.7367788461538461 0.3713942307692308 0.08173076923076923 0.037259615384615384
2 0.5637019230769231 0.3581730769230769 0.06971153846153846 0.046875
2 0.3786057692307692 0.40865384615384615 0.07211538461538461 0.036057692307692304
2 0.49278846153846156 0.4651442307692308 0.07692307692307693 0.036057692307692304
2 0.7848557692307693 0.5612980769230769 0.078125 0.06009615384615385
2 0.16466346153846154 0.640625 0.05889423076923077 0.051682692307692304
2 0.26802884615384615 0.7379807692307693 0.15745192307692307 0.04326923076923077
2 0.6682692307692307 0.734375 0.10096153846153846 0.036057692307692304
2 0.6802884615384616 0.31490384615384615 0.05889423076923077 0.036057692307692304