2 0.4579326923076923 0.3173076923076923 0.06370192307692307 0.04567307692307692
2 0.5805288461538461 0.23918269230769232 0.06370192307692307 0.03245192307692308
2 0.5372596153846154 0.28725961538461536 0.06370192307692307 0.046875
2 0.9242788461538461 0.3581730769230769 0.06370192307692307 0.046875
2 0.7836538461538461 0.3449519230769231 0.06370192307692307 0.04567307692307692
2 0.65625 0.3786057692307692 0.06370192307692307 0.04567307692307692
2 0.8269230769230769 0.39903846153846156 0.08653846153846154 0.04567307692307692
2 0.4831730769230769 0.7800480769230769 0.109375 0.055288461538461536
2 0.0625 0.7596153846153846 0.12139423076923077 0.05889423076923077
2 0.25240384615384615 0.6598557692307693 0.08173076923076923 0.056490384615384616
2 0.7043269230769231 0.6033653846153846 0.10336538461538461 0.046875
2 0.5264423076923077 0.5877403846153846 0.09014423076923077 0.046875
2 0.1814903846153846 0.45552884615384615 0.10216346153846154 0.046875
2 0.3233173076923077 0.32211538461538464 0.06370192307692307 0.046875
2 0.21995192307692307 0.22115384615384615 0.04567307692307692 0.04567307692307692
2 0.5841346153846154 0.5120192307692307 0.10336538461538461 0.04567307692307692
2 0.31971153846153844 0.5697115384615384 0.10336538461538461 0.054086538461538464
2 0.7139423076923077 0.43990384615384615 0.07692307692307693 0.04567307692307692
2 0.9338942307692307 0.5300480769230769 0.10096153846153846 0.04567307692307692