2 0.26322115384615385 0.4651442307692308 0.057692307692307696 0.036057692307692304
2 0.5288461538461539 0.23076923076923078 0.05889423076923077 0.037259615384615384
2 0.3786057692307692 0.20793269230769232 0.05889423076923077 0.036057692307692304
2 0.3762019230769231 0.40865384615384615 0.07211538461538461 0.037259615384615384
2 0.8305288461538461 0.49038461538461536 0.09254807692307693 0.046875
2 0.9699519230769231 0.5769230769230769 0.057692307692307696 0.036057692307692304
2 0.5733173076923077 0.3605769230769231 0.057692307692307696 0.036057692307692304
2 0.16346153846153846 0.640625 0.06129807692307692 0.054086538461538464
2 0.7560096153846154 0.3762019230769231 0.0829326923076923 0.051682692307692304
2 0.6069711538461539 0.25600961538461536 0.05889423076923077 0.036057692307692304
2 0.46875 0.27884615384615385 0.05889423076923077 0.036057692307692304
2 0.7824519230769231 0.32091346153846156 0.05889423076923077 0.036057692307692304
2 0.6646634615384616 0.3137019230769231 0.057692307692307696 0.036057692307692304
2 0.24639423076923078 0.7439903846153846 0.125 0.04807692307692308
2 0.640625 0.7271634615384616 0.09375 0.040865384615384616
2 0.5168269230769231 0.4675480769230769 0.06129807692307692 0.05048076923076923
2 0.3557692307692308 0.6225961538461539 0.06971153846153846 0.046875
2 0.7644230769230769 0.546875 0.10096153846153846 0.0625