2 0.25961538461538464 0.45913461538461536 0.04567307692307692 0.042067307692307696
2 0.4879807692307692 0.22716346153846154 0.04326923076923077 0.037259615384615384
2 0.8425480769230769 0.26802884615384615 0.052884615384615384 0.04447115384615385
2 0.7524038461538461 0.5 0.10576923076923077 0.06610576923076923
2 0.3473557692307692 0.7295673076923077 0.1502403846153846 0.04567307692307692
2 0.5192307692307693 0.36899038461538464 0.04927884615384615 0.0625
2 0.4326923076923077 0.40865384615384615 0.05889423076923077 0.04807692307692308
2 0.4651442307692308 0.4675480769230769 0.07932692307692307 0.055288461538461536
2 0.9387019230769231 0.31850961538461536 0.07692307692307693 0.056490384615384616
2 0.6971153846153846 0.38221153846153844 0.05889423076923077 0.036057692307692304
2 0.6069711538461539 0.23798076923076922 0.040865384615384616 0.028846153846153848
2 0.8509615384615384 0.5865384615384616 0.10817307692307693 0.03485576923076923
2 0.31490384615384615 0.6117788461538461 0.055288461538461536 0.08413461538461539
2 0.8377403846153846 0.3401442307692308 0.057692307692307696 0.036057692307692304
2 0.7247596153846154 0.3317307692307692 0.057692307692307696 0.036057692307692304
2 0.7283653846153846 0.7620192307692307 0.13701923076923078 0.08653846153846154