2 0.18629807692307693 0.29927884615384615 0.06370192307692307 0.04567307692307692
2 0.29086538461538464 0.7512019230769231 0.12740384615384615 0.07932692307692307
2 0.11899038461538461 0.7139423076923077 0.12620192307692307 0.07211538461538461
2 0.27163461538461536 0.4495192307692308 0.06370192307692307 0.04567307692307692
2 0.13942307692307693 0.43149038461538464 0.06370192307692307 0.04567307692307692
2 0.19230769230769232 0.3786057692307692 0.06370192307692307 0.04567307692307692
2 0.6838942307692307 0.42908653846153844 0.06370192307692307 0.046875
2 0.7235576923076923 0.7019230769230769 0.09975961538461539 0.054086538461538464
2 0.4651442307692308 0.31850961538461536 0.06370192307692307 0.04567307692307692
2 0.7692307692307693 0.3798076923076923 0.06370192307692307 0.04567307692307692
2 0.8329326923076923 0.6045673076923077 0.06370192307692307 0.046875
2 0.7415865384615384 0.5168269230769231 0.06370192307692307 0.046875