2 0.4723557692307692 0.5336538461538461 0.056490384615384616 0.03485576923076923
2 0.27283653846153844 0.4855769230769231 0.051682692307692304 0.025240384615384616
2 0.4675480769230769 0.47836538461538464 0.04807692307692308 0.026442307692307692
2 0.4519230769230769 0.41466346153846156 0.037259615384615384 0.028846153846153848
2 0.1814903846153846 0.5072115384615384 0.05048076923076923 0.03365384615384615
2 0.21394230769230768 0.5913461538461539 0.04807692307692308 0.028846153846153848
2 0.19951923076923078 0.6814903846153846 0.07932692307692307 0.04807692307692308
2 0.7451923076923077 0.7884615384615384 0.06490384615384616 0.03365384615384615
2 0.49399038461538464 0.7259615384615384 0.09375 0.046875
2 0.35336538461538464 0.7043269230769231 0.0625 0.038461538461538464
2 0.18509615384615385 0.7596153846153846 0.11298076923076923 0.05048076923076923
2 0.28966346153846156 0.5480769230769231 0.038461538461538464 0.04567307692307692
2 0.3629807692307692 0.5264423076923077 0.04447115384615385 0.027644230769230768
3 0.7391826923076923 0.45552884615384615 0.030048076923076924 0.06129807692307692
3 0.8966346153846154 0.5552884615384616 0.05048076923076923 0.09134615384615384
3 0.875 0.53125 0.04326923076923077 0.08413461538461539
3 0.8004807692307693 0.5120192307692307 0.026442307692307692 0.04326923076923077