2 0.6502403846153846 0.6466346153846154 0.09975961538461539 0.056490384615384616
2 0.7620192307692307 0.44350961538461536 0.055288461538461536 0.046875
2 0.5444711538461539 0.4074519230769231 0.039663461538461536 0.028846153846153848
2 0.6634615384615384 0.41346153846153844 0.040865384615384616 0.042067307692307696
2 0.8521634615384616 0.5060096153846154 0.06129807692307692 0.040865384615384616
2 0.3125 0.5588942307692307 0.037259615384615384 0.03365384615384615
2 0.8040865384615384 0.6225961538461539 0.07211538461538461 0.06009615384615385
2 0.2980769230769231 0.6814903846153846 0.09014423076923077 0.054086538461538464
2 0.2668269230769231 0.46875 0.042067307692307696 0.040865384615384616
2 0.11177884615384616 0.6850961538461539 0.06610576923076923 0.055288461538461536
2 0.5276442307692307 0.4411057692307692 0.054086538461538464 0.030048076923076924
2 0.6141826923076923 0.47836538461538464 0.04447115384615385 0.037259615384615384
2 0.53125 0.5072115384615384 0.055288461538461536 0.03485576923076923