2 0.7475961538461539 0.5432692307692307 0.06009615384615385 0.03485576923076923
2 0.4074519230769231 0.41225961538461536 0.03365384615384615 0.027644230769230768
2 0.5024038461538461 0.44350961538461536 0.037259615384615384 0.037259615384615384
2 0.625 0.4206730769230769 0.054086538461538464 0.037259615384615384
2 0.6538461538461539 0.5528846153846154 0.06971153846153846 0.028846153846153848
2 0.25240384615384615 0.5540865384615384 0.05889423076923077 0.030048076923076924
2 0.9543269230769231 0.7788461538461539 0.08413461538461539 0.056490384615384616
2 0.6538461538461539 0.5865384615384616 0.08533653846153846 0.027644230769230768
2 0.4879807692307692 0.6057692307692307 0.09495192307692307 0.04567307692307692
2 0.5985576923076923 0.7596153846153846 0.10576923076923077 0.05048076923076923
2 0.7680288461538461 0.7668269230769231 0.09615384615384616 0.030048076923076924
2 0.6802884615384616 0.8221153846153846 0.1201923076923077 0.04807692307692308
2 0.1310096153846154 0.7920673076923077 0.09615384615384616 0.06370192307692307
2 0.44471153846153844 0.5336538461538461 0.051682692307692304 0.03365384615384615
2 0.7163461538461539 0.49038461538461536 0.042067307692307696 0.037259615384615384
3 0.875 0.4699519230769231 0.03245192307692308 0.06850961538461539