2 0.40625 0.6826923076923077 0.07572115384615384 0.040865384615384616
2 0.171875 0.7403846153846154 0.08533653846153846 0.04326923076923077
2 0.26322115384615385 0.5264423076923077 0.04326923076923077 0.03365384615384615
2 0.41947115384615385 0.4266826923076923 0.038461538461538464 0.016826923076923076
2 0.5973557692307693 0.5300480769230769 0.04326923076923077 0.040865384615384616
2 0.49399038461538464 0.5264423076923077 0.05048076923076923 0.03365384615384615
2 0.6442307692307693 0.5600961538461539 0.06850961538461539 0.02403846153846154
2 0.5697115384615384 0.7079326923076923 0.05048076923076923 0.03485576923076923
2 0.6947115384615384 0.7211538461538461 0.11298076923076923 0.036057692307692304
2 0.6730769230769231 0.765625 0.10697115384615384 0.04326923076923077
2 0.3329326923076923 0.5805288461538461 0.08653846153846154 0.046875
2 0.59375 0.46875 0.040865384615384616 0.03485576923076923
3 0.9447115384615384 0.5228365384615384 0.03245192307692308 0.06009615384615385
3 0.7860576923076923 0.4375 0.038461538461538464 0.06610576923076923
3 0.9807692307692307 0.5456730769230769 0.036057692307692304 0.09975961538461539
3 0.9026442307692307 0.546875 0.020432692307692308 0.06129807692307692