3 0.9387019230769231 0.5841346153846154 0.040865384615384616 0.08413461538461539
3 0.9759615384615384 0.5252403846153846 0.03485576923076923 0.0889423076923077
3 0.8040865384615384 0.4579326923076923 0.03485576923076923 0.06370192307692307
2 0.7560096153846154 0.7247596153846154 0.09735576923076923 0.04447115384615385
2 0.14903846153846154 0.7427884615384616 0.0889423076923077 0.05048076923076923
2 0.6706730769230769 0.7740384615384616 0.11778846153846154 0.038461538461538464
2 0.44591346153846156 0.7007211538461539 0.07211538461538461 0.04807692307692308
2 0.6021634615384616 0.7163461538461539 0.08413461538461539 0.04326923076923077
2 0.38341346153846156 0.578125 0.06370192307692307 0.03485576923076923
2 0.6370192307692307 0.5733173076923077 0.04567307692307692 0.040865384615384616
2 0.53125 0.5276442307692307 0.056490384615384616 0.04567307692307692
2 0.6442307692307693 0.5216346153846154 0.05048076923076923 0.036057692307692304
2 0.265625 0.5228365384615384 0.055288461538461536 0.026442307692307692
2 0.35216346153846156 0.5120192307692307 0.04326923076923077 0.026442307692307692
2 0.5168269230769231 0.4362980769230769 0.037259615384615384 0.019230769230769232
2 0.6141826923076923 0.4735576923076923 0.055288461538461536 0.036057692307692304
2 0.41346153846153844 0.40625 0.030048076923076924 0.028846153846153848