2 0.6502403846153846 0.8533653846153846 0.14302884615384615 0.04567307692307692
2 0.06490384615384616 0.8365384615384616 0.12740384615384615 0.05048076923076923
2 0.4411057692307692 0.2956730769230769 0.06370192307692307 0.046875
2 0.578125 0.32211538461538464 0.06370192307692307 0.046875
2 0.23918269230769232 0.3557692307692308 0.06370192307692307 0.04567307692307692
2 0.3245192307692308 0.3173076923076923 0.06370192307692307 0.04567307692307692
2 0.5048076923076923 0.375 0.06610576923076923 0.036057692307692304
2 0.32211538461538464 0.4026442307692308 0.07692307692307693 0.038461538461538464
2 0.48677884615384615 0.42788461538461536 0.07692307692307693 0.037259615384615384
2 0.3713942307692308 0.484375 0.06610576923076923 0.04567307692307692
2 0.17908653846153846 0.46033653846153844 0.07451923076923077 0.04567307692307692
2 0.49278846153846156 0.5480769230769231 0.08533653846153846 0.04567307692307692
2 0.24879807692307693 0.5384615384615384 0.08653846153846154 0.04567307692307692
2 0.6622596153846154 0.6598557692307693 0.07091346153846154 0.05889423076923077
2 0.5336538461538461 0.671875 0.10576923076923077 0.05048076923076923