2 0.4891826923076923 0.36177884615384615 0.04927884615384615 0.03245192307692308
2 0.5697115384615384 0.24639423076923078 0.04326923076923077 0.027644230769230768
2 0.875 0.34615384615384615 0.054086538461538464 0.026442307692307692
2 0.7175480769230769 0.2704326923076923 0.07451923076923077 0.030048076923076924
2 0.49278846153846156 0.25721153846153844 0.06850961538461539 0.028846153846153848
2 0.28966346153846156 0.5973557692307693 0.09134615384615384 0.04567307692307692
2 0.2439903846153846 0.4639423076923077 0.046875 0.055288461538461536
2 0.4074519230769231 0.4723557692307692 0.051682692307692304 0.05048076923076923
2 0.6502403846153846 0.38221153846153844 0.06850961538461539 0.04326923076923077
2 0.46875 0.4206730769230769 0.07572115384615384 0.036057692307692304
2 0.4074519230769231 0.7391826923076923 0.11057692307692307 0.05889423076923077
2 0.8004807692307693 0.7644230769230769 0.10096153846153846 0.04326923076923077
2 0.8990384615384616 0.6009615384615384 0.10216346153846154 0.05048076923076923
2 0.7103365384615384 0.5048076923076923 0.12139423076923077 0.06850961538461539