2 0.3004807692307692 0.40625 0.036057692307692304 0.04567307692307692
2 0.1814903846153846 0.7283653846153846 0.06129807692307692 0.051682692307692304
2 0.33653846153846156 0.6730769230769231 0.06490384615384616 0.04807692307692308
2 0.4651442307692308 0.6983173076923077 0.08653846153846154 0.05048076923076923
2 0.6177884615384616 0.7079326923076923 0.08413461538461539 0.051682692307692304
2 0.6826923076923077 0.7572115384615384 0.08653846153846154 0.05048076923076923
2 0.3004807692307692 0.5649038461538461 0.054086538461538464 0.030048076923076924
2 0.2704326923076923 0.5192307692307693 0.027644230769230768 0.03365384615384615
2 0.45552884615384615 0.5168269230769231 0.0673076923076923 0.03245192307692308
2 0.546875 0.5348557692307693 0.038461538461538464 0.04447115384615385
2 0.6754807692307693 0.5697115384615384 0.08173076923076923 0.03485576923076923
2 0.5480769230769231 0.4699519230769231 0.052884615384615384 0.028846153846153848
2 0.37740384615384615 0.4206730769230769 0.04447115384615385 0.036057692307692304
3 0.8425480769230769 0.53125 0.026442307692307692 0.03485576923076923
3 0.7644230769230769 0.4495192307692308 0.03245192307692308 0.055288461538461536
3 0.9302884615384616 0.5384615384615384 0.05048076923076923 0.09134615384615384
3 0.9002403846153846 0.5240384615384616 0.05889423076923077 0.08173076923076923