2 0.265625 0.8293269230769231 0.1141826923076923 0.06009615384615385
2 0.875 0.7920673076923077 0.12259615384615384 0.046875
2 0.4651442307692308 0.7439903846153846 0.09735576923076923 0.046875
2 0.38822115384615385 0.3798076923076923 0.06129807692307692 0.04326923076923077
2 0.7680288461538461 0.28846153846153844 0.07692307692307693 0.03365384615384615
2 0.5372596153846154 0.2764423076923077 0.046875 0.027644230769230768
2 0.17427884615384615 0.5745192307692307 0.04567307692307692 0.036057692307692304
2 0.5889423076923077 0.5024038461538461 0.08052884615384616 0.04447115384615385
2 0.8125 0.359375 0.06009615384615385 0.036057692307692304
2 0.9146634615384616 0.35697115384615385 0.055288461538461536 0.036057692307692304
2 0.5408653846153846 0.3870192307692308 0.06370192307692307 0.028846153846153848
2 0.22596153846153846 0.4723557692307692 0.037259615384615384 0.06850961538461539
2 0.5432692307692307 0.43509615384615385 0.09254807692307693 0.04447115384615385
2 0.9459134615384616 0.6213942307692307 0.07932692307692307 0.06850961538461539