2 0.5889423076923077 0.29086538461538464 0.06370192307692307 0.04567307692307692
2 0.37259615384615385 0.27283653846153844 0.06370192307692307 0.04567307692307692
2 0.6298076923076923 0.6838942307692307 0.12860576923076922 0.046875
2 0.2608173076923077 0.5408653846153846 0.08173076923076923 0.054086538461538464
2 0.12860576923076922 0.6274038461538461 0.09254807692307693 0.05889423076923077
2 0.5252403846153846 0.41466346153846156 0.06370192307692307 0.04567307692307692
2 0.6923076923076923 0.5012019230769231 0.06370192307692307 0.04567307692307692
2 0.5504807692307693 0.36778846153846156 0.06370192307692307 0.046875
2 0.08533653846153846 0.32211538461538464 0.06370192307692307 0.046875
2 0.4050480769230769 0.4014423076923077 0.06370192307692307 0.046875
2 0.12139423076923077 0.7487980769230769 0.14182692307692307 0.06129807692307692