2 0.6826923076923077 0.6105769230769231 0.06971153846153846 0.05048076923076923
2 0.5877403846153846 0.6478365384615384 0.07692307692307693 0.040865384615384616
2 0.9170673076923077 0.8064903846153846 0.13221153846153846 0.038461538461538464
2 0.5072115384615384 0.5540865384615384 0.05889423076923077 0.04447115384615385
2 0.4675480769230769 0.41346153846153844 0.038461538461538464 0.014423076923076924
2 0.5408653846153846 0.4170673076923077 0.04807692307692308 0.03365384615384615
2 0.7427884615384616 0.7944711538461539 0.140625 0.036057692307692304
2 0.7379807692307693 0.5757211538461539 0.042067307692307696 0.037259615384615384
2 0.5625 0.4579326923076923 0.04326923076923077 0.021634615384615384
2 0.24278846153846154 0.578125 0.04567307692307692 0.03485576923076923
3 0.9206730769230769 0.49278846153846156 0.025240384615384616 0.06009615384615385