2 0.7439903846153846 0.484375 0.020432692307692308 0.014423076923076924
2 0.7307692307692307 0.7103365384615384 0.12740384615384615 0.04326923076923077
2 0.6875 0.6490384615384616 0.07211538461538461 0.037259615384615384
2 0.8798076923076923 0.6237980769230769 0.04927884615384615 0.042067307692307696
2 0.6009615384615384 0.6057692307692307 0.11899038461538461 0.054086538461538464
2 0.20552884615384615 0.6045673076923077 0.056490384615384616 0.036057692307692304
2 0.3942307692307692 0.5168269230769231 0.04567307692307692 0.03485576923076923
2 0.6382211538461539 0.4891826923076923 0.04807692307692308 0.02403846153846154
2 0.5432692307692307 0.4362980769230769 0.04326923076923077 0.03245192307692308
2 0.40384615384615385 0.45913461538461536 0.02283653846153846 0.015625
2 0.21514423076923078 0.5264423076923077 0.027644230769230768 0.027644230769230768