2 0.5865384615384616 0.30649038461538464 0.06370192307692307 0.038461538461538464
2 0.38461538461538464 0.6887019230769231 0.08052884615384616 0.056490384615384616
2 0.5264423076923077 0.6911057692307693 0.10216346153846154 0.04807692307692308
2 0.7403846153846154 0.6394230769230769 0.109375 0.08413461538461539
2 0.46153846153846156 0.578125 0.09495192307692307 0.046875
2 0.21153846153846154 0.4855769230769231 0.08173076923076923 0.05889423076923077
2 0.11177884615384616 0.39302884615384615 0.06370192307692307 0.046875
2 0.6995192307692307 0.46634615384615385 0.07932692307692307 0.046875
2 0.5192307692307693 0.42788461538461536 0.06370192307692307 0.046875
2 0.37740384615384615 0.3713942307692308 0.06370192307692307 0.04567307692307692
2 0.5228365384615384 0.3401442307692308 0.06370192307692307 0.046875
2 0.33653846153846156 0.29086538461538464 0.06370192307692307 0.04567307692307692