2 0.3713942307692308 0.3088942307692308 0.06971153846153846 0.036057692307692304
2 0.5625 0.20673076923076922 0.05889423076923077 0.040865384615384616
2 0.7079326923076923 0.2439903846153846 0.04447115384615385 0.046875
2 0.234375 0.21634615384615385 0.04567307692307692 0.04567307692307692
2 0.36658653846153844 0.5649038461538461 0.11538461538461539 0.06009615384615385
2 0.3329326923076923 0.23918269230769232 0.07451923076923077 0.04326923076923077
2 0.5360576923076923 0.2860576923076923 0.05889423076923077 0.025240384615384616
2 0.8257211538461539 0.3449519230769231 0.07211538461538461 0.038461538461538464
2 0.8257211538461539 0.3918269230769231 0.06370192307692307 0.037259615384615384
2 0.6454326923076923 0.375 0.0889423076923077 0.05048076923076923
2 0.7596153846153846 0.44591346153846156 0.1141826923076923 0.05889423076923077
2 0.9170673076923077 0.5204326923076923 0.11538461538461539 0.06009615384615385
2 0.5829326923076923 0.4963942307692308 0.11538461538461539 0.06009615384615385
2 0.07091346153846154 0.46634615384615385 0.07451923076923077 0.0625
2 0.19471153846153846 0.44591346153846156 0.09495192307692307 0.05889423076923077
2 0.25600961538461536 0.6550480769230769 0.1141826923076923 0.06009615384615385
2 0.5757211538461539 0.5793269230769231 0.1141826923076923 0.06009615384615385
2 0.7584134615384616 0.5925480769230769 0.11538461538461539 0.06009615384615385
2 0.5540865384615384 0.7692307692307693 0.11538461538461539 0.06009615384615385
2 0.13581730769230768 0.7584134615384616 0.14302884615384615 0.052884615384615384