2 0.8100961538461539 0.7788461538461539 0.10336538461538461 0.06610576923076923
2 0.25240384615384615 0.5925480769230769 0.06850961538461539 0.040865384615384616
2 0.16346153846153846 0.6502403846153846 0.03245192307692308 0.052884615384615384
2 0.5564903846153846 0.2512019230769231 0.052884615384615384 0.03245192307692308
2 0.4567307692307692 0.375 0.07572115384615384 0.03365384615384615
2 0.48677884615384615 0.25841346153846156 0.06971153846153846 0.027644230769230768
2 0.6382211538461539 0.3858173076923077 0.06370192307692307 0.04447115384615385
2 0.6887019230769231 0.4963942307692308 0.09975961538461539 0.04567307692307692
2 0.5012019230769231 0.4254807692307692 0.09134615384615384 0.04447115384615385
2 0.38100961538461536 0.4651442307692308 0.0673076923076923 0.036057692307692304
2 0.7920673076923077 0.2704326923076923 0.054086538461538464 0.046875
2 0.42908653846153844 0.7475961538461539 0.1201923076923077 0.06129807692307692
2 0.9110576923076923 0.6033653846153846 0.09375 0.07451923076923077
2 0.8725961538461539 0.32572115384615385 0.07451923076923077 0.04326923076923077