2 0.27283653846153844 0.4639423076923077 0.028846153846153848 0.03365384615384615
2 0.22956730769230768 0.5480769230769231 0.040865384615384616 0.036057692307692304
2 0.12139423076923077 0.6778846153846154 0.046875 0.05889423076923077
2 0.8317307692307693 0.4891826923076923 0.046875 0.036057692307692304
2 0.9158653846153846 0.5588942307692307 0.04927884615384615 0.037259615384615384
2 0.5396634615384616 0.43509615384615385 0.055288461538461536 0.03485576923076923
2 0.5661057692307693 0.5072115384615384 0.06129807692307692 0.040865384615384616
2 0.3605769230769231 0.5625 0.051682692307692304 0.04447115384615385
2 0.8269230769230769 0.6033653846153846 0.07692307692307693 0.06129807692307692
2 0.6298076923076923 0.6418269230769231 0.07091346153846154 0.027644230769230768
2 0.34375 0.6899038461538461 0.09495192307692307 0.054086538461538464