2 0.25961538461538464 0.5384615384615384 0.06610576923076923 0.025240384615384616
2 0.13942307692307693 0.5360576923076923 0.04807692307692308 0.036057692307692304
3 0.8485576923076923 0.4639423076923077 0.037259615384615384 0.06971153846153846
2 0.7127403846153846 0.5420673076923077 0.038461538461538464 0.036057692307692304
2 0.6862980769230769 0.48197115384615385 0.07932692307692307 0.030048076923076924
2 0.6394230769230769 0.5805288461538461 0.057692307692307696 0.027644230769230768
2 0.45552884615384615 0.609375 0.07572115384615384 0.04326923076923077
2 0.546875 0.7319711538461539 0.06850961538461539 0.046875
2 0.6069711538461539 0.5420673076923077 0.056490384615384616 0.03485576923076923
2 0.40384615384615385 0.5348557692307693 0.06490384615384616 0.04447115384615385
2 0.6766826923076923 0.8088942307692307 0.11057692307692307 0.052884615384615384
2 0.14543269230769232 0.7728365384615384 0.12740384615384615 0.051682692307692304
2 0.8810096153846154 0.7620192307692307 0.08533653846153846 0.06971153846153846
2 0.7127403846153846 0.7548076923076923 0.08052884615384616 0.06009615384615385
2 0.4074519230769231 0.40865384615384615 0.055288461538461536 0.037259615384615384