2 0.46274038461538464 0.5552884615384616 0.1141826923076923 0.06009615384615385
2 0.8629807692307693 0.578125 0.11538461538461539 0.05889423076923077
2 0.8149038461538461 0.375 0.09975961538461539 0.05889423076923077
2 0.6826923076923077 0.7608173076923077 0.11538461538461539 0.05889423076923077
2 0.27403846153846156 0.7379807692307693 0.1141826923076923 0.06009615384615385
2 0.6742788461538461 0.5661057692307693 0.11538461538461539 0.06009615384615385
2 0.5384615384615384 0.27524038461538464 0.07211538461538461 0.042067307692307696
2 0.4387019230769231 0.3016826923076923 0.06850961538461539 0.038461538461538464
2 0.24879807692307693 0.25841346153846156 0.06610576923076923 0.038461538461538464
2 0.4266826923076923 0.2439903846153846 0.04567307692307692 0.040865384615384616
2 0.6262019230769231 0.3629807692307692 0.0889423076923077 0.06009615384615385
2 0.8521634615384616 0.4375 0.11538461538461539 0.05889423076923077
2 0.9026442307692307 0.5096153846153846 0.1141826923076923 0.06009615384615385
2 0.5697115384615384 0.48677884615384615 0.09375 0.04567307692307692
2 0.12860576923076922 0.4519230769230769 0.07932692307692307 0.06009615384615385
2 0.2980769230769231 0.640625 0.1141826923076923 0.06009615384615385