2 0.5745192307692307 0.2439903846153846 0.06370192307692307 0.046875
2 0.6310096153846154 0.4543269230769231 0.09014423076923077 0.046875
2 0.8533653846153846 0.41466346153846156 0.06370192307692307 0.04567307692307692
2 0.65625 0.39903846153846156 0.06370192307692307 0.04567307692307692
2 0.5769230769230769 0.53125 0.10817307692307693 0.04567307692307692
2 0.17548076923076922 0.4831730769230769 0.09014423076923077 0.04807692307692308
2 0.17307692307692307 0.5865384615384616 0.11538461538461539 0.06370192307692307
2 0.203125 0.6935096153846154 0.10216346153846154 0.052884615384615384
2 0.5889423076923077 0.6298076923076923 0.11778846153846154 0.06490384615384616
2 0.41225961538461536 0.5997596153846154 0.10096153846153846 0.04567307692307692
2 0.3389423076923077 0.8149038461538461 0.14302884615384615 0.055288461538461536
2 0.9326923076923077 0.5516826923076923 0.10216346153846154 0.046875
2 0.7019230769230769 0.34134615384615385 0.06370192307692307 0.046875
2 0.3918269230769231 0.3233173076923077 0.06370192307692307 0.046875
2 0.5276442307692307 0.30528846153846156 0.06370192307692307 0.037259615384615384
2 0.6983173076923077 0.2536057692307692 0.06370192307692307 0.03485576923076923
2 0.8473557692307693 0.35697115384615385 0.078125 0.036057692307692304
2 0.22355769230769232 0.3293269230769231 0.06370192307692307 0.04567307692307692