2 0.6201923076923077 0.35096153846153844 0.05889423076923077 0.036057692307692304
2 0.796875 0.36778846153846156 0.08413461538461539 0.036057692307692304
2 0.8713942307692307 0.49158653846153844 0.11298076923076923 0.036057692307692304
2 0.5492788461538461 0.45913461538461536 0.07932692307692307 0.042067307692307696
2 0.19110576923076922 0.4495192307692308 0.056490384615384616 0.05048076923076923
2 0.671875 0.30649038461538464 0.05889423076923077 0.036057692307692304
2 0.5709134615384616 0.2247596153846154 0.05889423076923077 0.036057692307692304
2 0.49399038461538464 0.23557692307692307 0.05889423076923077 0.036057692307692304
2 0.9579326923076923 0.42427884615384615 0.05889423076923077 0.037259615384615384
2 0.30288461538461536 0.6081730769230769 0.08173076923076923 0.055288461538461536
2 0.07211538461538461 0.6262019230769231 0.0625 0.054086538461538464
2 0.44350961538461536 0.7079326923076923 0.09134615384615384 0.046875
2 0.8521634615384616 0.7439903846153846 0.15745192307692307 0.06971153846153846
2 0.59375 0.5408653846153846 0.08052884615384616 0.04447115384615385
2 0.8076923076923077 0.5600961538461539 0.09014423076923077 0.046875