2 0.49759615384615385 0.7127403846153846 0.09495192307692307 0.037259615384615384
2 0.6370192307692307 0.5372596153846154 0.0829326923076923 0.0625
2 0.8605769230769231 0.5600961538461539 0.09134615384615384 0.052884615384615384
2 0.32211538461538464 0.6177884615384616 0.057692307692307696 0.04567307692307692
2 0.10336538461538461 0.6286057692307693 0.05889423076923077 0.036057692307692304
2 0.9098557692307693 0.7391826923076923 0.13701923076923078 0.052884615384615384
2 0.6045673076923077 0.35096153846153844 0.06610576923076923 0.036057692307692304
2 0.8689903846153846 0.49158653846153844 0.09254807692307693 0.036057692307692304
2 0.5408653846153846 0.45913461538461536 0.0829326923076923 0.037259615384615384
2 0.49399038461538464 0.265625 0.05889423076923077 0.037259615384615384
2 0.6947115384615384 0.3161057692307692 0.057692307692307696 0.036057692307692304
2 0.7860576923076923 0.3713942307692308 0.057692307692307696 0.037259615384615384
2 0.20552884615384615 0.45552884615384615 0.054086538461538464 0.06129807692307692