2 0.7836538461538461 0.3713942307692308 0.057692307692307696 0.037259615384615384
2 0.5552884615384616 0.24158653846153846 0.057692307692307696 0.036057692307692304
2 0.4855769230769231 0.27403846153846156 0.05889423076923077 0.036057692307692304
2 0.6117788461538461 0.3125 0.05889423076923077 0.036057692307692304
2 0.8653846153846154 0.49158653846153844 0.06971153846153846 0.036057692307692304
2 0.5961538461538461 0.35096153846153844 0.05889423076923077 0.036057692307692304
2 0.21875 0.4579326923076923 0.04326923076923077 0.05889423076923077
2 0.5348557692307693 0.4567307692307692 0.09014423076923077 0.036057692307692304
2 0.9026442307692307 0.5612980769230769 0.07451923076923077 0.04447115384615385
2 0.6899038461538461 0.5396634615384616 0.10336538461538461 0.04567307692307692
2 0.13221153846153846 0.6310096153846154 0.055288461538461536 0.054086538461538464
2 0.15384615384615385 0.7403846153846154 0.05889423076923077 0.07451923076923077
2 0.9507211538461539 0.7439903846153846 0.09014423076923077 0.06971153846153846
2 0.5480769230769231 0.7199519230769231 0.09975961538461539 0.051682692307692304
2 0.6790865384615384 0.23317307692307693 0.05889423076923077 0.036057692307692304
2 0.7271634615384616 0.31850961538461536 0.05889423076923077 0.037259615384615384