2 0.49278846153846156 0.7151442307692307 0.08653846153846154 0.040865384615384616
2 0.14423076923076922 0.7596153846153846 0.08413461538461539 0.051682692307692304
2 0.5552884615384616 0.4110576923076923 0.037259615384615384 0.021634615384615384
2 0.44591346153846156 0.4387019230769231 0.037259615384615384 0.036057692307692304
2 0.25 0.47716346153846156 0.038461538461538464 0.028846153846153848
2 0.6430288461538461 0.4807692307692308 0.052884615384615384 0.038461538461538464
2 0.5637019230769231 0.5384615384615384 0.057692307692307696 0.04567307692307692
2 0.3858173076923077 0.5192307692307693 0.054086538461538464 0.040865384615384616
2 0.25600961538461536 0.5396634615384616 0.0673076923076923 0.03485576923076923
2 0.14783653846153846 0.5324519230769231 0.04807692307692308 0.036057692307692304
2 0.6526442307692307 0.5745192307692307 0.052884615384615384 0.03485576923076923
2 0.4098557692307692 0.6033653846153846 0.078125 0.056490384615384616
2 0.828125 0.7451923076923077 0.07211538461538461 0.037259615384615384
2 0.6586538461538461 0.7235576923076923 0.0733173076923077 0.04447115384615385
2 0.6754807692307693 0.8064903846153846 0.11298076923076923 0.06610576923076923
3 0.8197115384615384 0.45552884615384615 0.03125 0.052884615384615384
3 0.9759615384615384 0.5865384615384616 0.04567307692307692 0.09254807692307693