2 0.06610576923076923 0.828125 0.09975961538461539 0.08413461538461539
2 0.19471153846153846 0.7295673076923077 0.13701923076923078 0.06009615384615385
2 0.6213942307692307 0.6742788461538461 0.1346153846153846 0.06850961538461539
2 0.3245192307692308 0.5228365384615384 0.10096153846153846 0.06009615384615385
2 0.5817307692307693 0.28846153846153844 0.06370192307692307 0.046875
2 0.3629807692307692 0.2644230769230769 0.06370192307692307 0.04567307692307692
2 0.5360576923076923 0.3557692307692308 0.06370192307692307 0.04567307692307692
2 0.14182692307692307 0.6057692307692307 0.10817307692307693 0.06129807692307692
2 0.5649038461538461 0.40625 0.06370192307692307 0.04567307692307692
2 0.46033653846153844 0.4026442307692308 0.07572115384615384 0.046875
2 0.08774038461538461 0.375 0.06370192307692307 0.046875
2 0.6670673076923077 0.4855769230769231 0.10096153846153846 0.0625