3 0.9170673076923077 0.5252403846153846 0.03245192307692308 0.07932692307692307
3 0.7716346153846154 0.44350961538461536 0.021634615384615384 0.04326923076923077
3 0.9627403846153846 0.5396634615384616 0.03485576923076923 0.08774038461538461
3 0.8701923076923077 0.5420673076923077 0.021634615384615384 0.06971153846153846
2 0.6706730769230769 0.7644230769230769 0.08653846153846154 0.040865384615384616
2 0.6682692307692307 0.5673076923076923 0.07451923076923077 0.04326923076923077
2 0.3125 0.5661057692307693 0.07211538461538461 0.03365384615384615
2 0.140625 0.5348557692307693 0.054086538461538464 0.038461538461538464
2 0.28846153846153844 0.5120192307692307 0.04807692307692308 0.027644230769230768
2 0.5745192307692307 0.5288461538461539 0.037259615384615384 0.038461538461538464
2 0.47115384615384615 0.5204326923076923 0.04807692307692308 0.026442307692307692
2 0.1778846153846154 0.7307692307692307 0.10576923076923077 0.056490384615384616
2 0.36177884615384615 0.6850961538461539 0.07211538461538461 0.05048076923076923
2 0.5180288461538461 0.6983173076923077 0.08413461538461539 0.038461538461538464
2 0.65625 0.6995192307692307 0.07211538461538461 0.030048076923076924