2 0.5697115384615384 0.27524038461538464 0.055288461538461536 0.03485576923076923
2 0.10576923076923077 0.5973557692307693 0.0625 0.07091346153846154
2 0.171875 0.4855769230769231 0.04326923076923077 0.056490384615384616
2 0.20793269230769232 0.4098557692307692 0.03245192307692308 0.03365384615384615
2 0.5480769230769231 0.7584134615384616 0.1310096153846154 0.046875
2 0.9507211538461539 0.8016826923076923 0.08173076923076923 0.046875
2 0.4735576923076923 0.4987980769230769 0.09014423076923077 0.054086538461538464
2 0.4326923076923077 0.37740384615384615 0.06370192307692307 0.04326923076923077
2 0.6021634615384616 0.44591346153846156 0.09735576923076923 0.052884615384615384
2 0.9399038461538461 0.4254807692307692 0.07451923076923077 0.05889423076923077
2 0.8798076923076923 0.3605769230769231 0.06971153846153846 0.037259615384615384
2 0.6754807692307693 0.31850961538461536 0.06490384615384616 0.030048076923076924