0 0.27884615384615385 0.24639423076923078 0.06971153846153846 0.052884615384615384
2 0.27403846153846156 0.6418269230769231 0.07692307692307693 0.15865384615384615
2 0.21995192307692307 0.5997596153846154 0.07451923076923077 0.13581730769230768
2 0.7932692307692307 0.5865384615384616 0.11538461538461539 0.10096153846153846
2 0.6742788461538461 0.4699519230769231 0.052884615384615384 0.06971153846153846
2 0.9483173076923077 0.6298076923076923 0.09254807692307693 0.09014423076923077
2 0.53125 0.5300480769230769 0.052884615384615384 0.06971153846153846
2 0.2439903846153846 0.4110576923076923 0.05889423076923077 0.05889423076923077
2 0.6334134615384616 0.3798076923076923 0.04326923076923077 0.04326923076923077
2 0.5588942307692307 0.38822115384615385 0.04326923076923077 0.03245192307692308
2 0.859375 0.4639423076923077 0.04326923076923077 0.03365384615384615
2 0.5817307692307693 0.6899038461538461 0.11899038461538461 0.18389423076923078
2 0.6310096153846154 0.5036057692307693 0.046875 0.078125
2 0.8485576923076923 0.5240384615384616 0.07091346153846154 0.06971153846153846