2 0.8052884615384616 0.4831730769230769 0.052884615384615384 0.052884615384615384
2 0.9350961538461539 0.4050480769230769 0.052884615384615384 0.052884615384615384
2 0.8713942307692307 0.421875 0.052884615384615384 0.052884615384615384
2 0.8064903846153846 0.4254807692307692 0.052884615384615384 0.052884615384615384
2 0.9110576923076923 0.5889423076923077 0.10576923076923077 0.078125
2 0.7716346153846154 0.5456730769230769 0.052884615384615384 0.052884615384615384
2 0.5264423076923077 0.4963942307692308 0.052884615384615384 0.052884615384615384
0 0.7680288461538461 0.71875 0.14302884615384615 0.1622596153846154
0 0.2860576923076923 0.24759615384615385 0.06850961538461539 0.042067307692307696
2 0.24278846153846154 0.5456730769230769 0.09254807692307693 0.10576923076923077
2 0.3112980769230769 0.5637019230769231 0.06971153846153846 0.09735576923076923
2 0.546875 0.6141826923076923 0.07451923076923077 0.125
2 0.6153846153846154 0.47596153846153844 0.039663461538461536 0.03365384615384615
2 0.4519230769230769 0.33774038461538464 0.04326923076923077 0.037259615384615384