3 0.9399038461538461 0.9134615384615384 0.04567307692307692 0.14543269230769232
2 0.4675480769230769 0.6105769230769231 0.046875 0.1935096153846154
2 0.3557692307692308 0.765625 0.038461538461538464 0.18629807692307693
2 0.5252403846153846 0.7067307692307693 0.042067307692307696 0.18870192307692307
2 0.6177884615384616 0.8605769230769231 0.04326923076923077 0.22115384615384615
2 0.7608173076923077 0.5805288461538461 0.042067307692307696 0.18870192307692307
2 0.6057692307692307 0.6057692307692307 0.042067307692307696 0.18870192307692307
2 0.6610576923076923 0.6262019230769231 0.04326923076923077 0.18990384615384615
2 0.3581730769230769 0.5276442307692307 0.042067307692307696 0.15985576923076922
0 0.11057692307692307 0.4483173076923077 0.057692307692307696 0.23798076923076922
3 0.1045673076923077 0.44711538461538464 0.03485576923076923 0.08052884615384616
0 0.8882211538461539 0.3954326923076923 0.08173076923076923 0.2704326923076923
3 0.8930288461538461 0.40625 0.04807692307692308 0.11298076923076923