3 0.10336538461538461 0.4206730769230769 0.03245192307692308 0.06610576923076923
3 0.9387019230769231 0.8689903846153846 0.04807692307692308 0.13581730769230768
3 0.8954326923076923 0.3858173076923077 0.04807692307692308 0.11298076923076923
0 0.11298076923076923 0.4362980769230769 0.056490384615384616 0.23918269230769232
2 0.5300480769230769 0.6947115384615384 0.042067307692307696 0.18990384615384615
2 0.6177884615384616 0.8329326923076923 0.042067307692307696 0.18990384615384615
2 0.359375 0.7331730769230769 0.04326923076923077 0.18990384615384615
2 0.36177884615384615 0.5072115384615384 0.042067307692307696 0.14423076923076922
2 0.4699519230769231 0.5949519230769231 0.042067307692307696 0.16826923076923078
2 0.7536057692307693 0.5612980769230769 0.042067307692307696 0.15865384615384615
2 0.6598557692307693 0.6045673076923077 0.042067307692307696 0.18870192307692307
2 0.6033653846153846 0.6021634615384616 0.042067307692307696 0.18990384615384615
0 0.9326923076923077 0.8629807692307693 0.06490384615384616 0.25961538461538464
0 0.8882211538461539 0.39663461538461536 0.07091346153846154 0.23798076923076922