0 0.9543269230769231 0.8413461538461539 0.06610576923076923 0.25841346153846156
0 0.9146634615384616 0.37259615384615385 0.0733173076923077 0.21995192307692307
2 0.36538461538461536 0.7079326923076923 0.042067307692307696 0.18990384615384615
3 0.9146634615384616 0.36899038461538464 0.046875 0.12860576923076922
2 0.6286057692307693 0.8112980769230769 0.042067307692307696 0.18870192307692307
2 0.4879807692307692 0.5576923076923077 0.042067307692307696 0.18990384615384615
2 0.7848557692307693 0.5372596153846154 0.042067307692307696 0.18870192307692307
3 0.9507211538461539 0.8425480769230769 0.046875 0.16706730769230768
2 0.4723557692307692 0.9134615384615384 0.06129807692307692 0.15865384615384615
2 0.6706730769230769 0.5793269230769231 0.042067307692307696 0.18870192307692307
2 0.5444711538461539 0.6574519230769231 0.04326923076923077 0.18990384615384615
2 0.6177884615384616 0.5504807692307693 0.04326923076923077 0.1622596153846154
0 0.12139423076923077 0.3713942307692308 0.057692307692307696 0.23798076923076922
3 0.11538461538461539 0.36538461538461536 0.03485576923076923 0.08774038461538461