2 0.36899038461538464 0.7007211538461539 0.042067307692307696 0.18990384615384615
2 0.49278846153846156 0.5625 0.042067307692307696 0.18870192307692307
2 0.8004807692307693 0.5348557692307693 0.042067307692307696 0.18870192307692307
0 0.9194711538461539 0.3545673076923077 0.07692307692307693 0.23197115384615385
3 0.1201923076923077 0.3473557692307692 0.03365384615384615 0.08774038461538461
3 0.9194711538461539 0.3473557692307692 0.04807692307692308 0.11298076923076923
2 0.6394230769230769 0.7776442307692307 0.04326923076923077 0.18870192307692307
2 0.5432692307692307 0.6418269230769231 0.042067307692307696 0.18870192307692307
0 0.12740384615384615 0.35096153846153844 0.056490384615384616 0.23798076923076922
3 0.9615384615384616 0.8317307692307693 0.046875 0.18629807692307693
2 0.6189903846153846 0.5600961538461539 0.042067307692307696 0.18870192307692307
0 0.9591346153846154 0.8185096153846154 0.06971153846153846 0.26802884615384615