3 0.9350961538461539 0.3557692307692308 0.04807692307692308 0.11298076923076923
3 0.12139423076923077 0.34615384615384615 0.03485576923076923 0.08774038461538461
0 0.9242788461538461 0.34375 0.08413461538461539 0.22956730769230768
2 0.6466346153846154 0.7740384615384616 0.04326923076923077 0.18870192307692307
3 0.9627403846153846 0.7908653846153846 0.046875 0.17067307692307693
0 0.13221153846153846 0.3425480769230769 0.056490384615384616 0.23918269230769232
2 0.3737980769230769 0.6754807692307693 0.042067307692307696 0.18990384615384615
2 0.5552884615384616 0.6322115384615384 0.042067307692307696 0.18990384615384615
0 0.9615384615384616 0.7836538461538461 0.06610576923076923 0.2608173076923077
2 0.8004807692307693 0.5288461538461539 0.042067307692307696 0.18870192307692307
2 0.6802884615384616 0.5540865384615384 0.042067307692307696 0.18870192307692307
2 0.4987980769230769 0.5685096153846154 0.042067307692307696 0.18870192307692307