2 0.39903846153846156 0.671875 0.042067307692307696 0.18870192307692307
2 0.53125 0.5661057692307693 0.04326923076923077 0.18870192307692307
3 0.9711538461538461 0.7079326923076923 0.04807692307692308 0.11298076923076923
3 0.9350961538461539 0.3076923076923077 0.04807692307692308 0.11298076923076923
2 0.5721153846153846 0.6382211538461539 0.03245192307692308 0.1875
2 0.7103365384615384 0.5420673076923077 0.04326923076923077 0.18870192307692307
0 0.14302884615384615 0.35096153846153844 0.057692307692307696 0.23798076923076922
2 0.5036057692307693 0.8990384615384616 0.042067307692307696 0.18870192307692307
2 0.6778846153846154 0.7475961538461539 0.042067307692307696 0.18870192307692307
3 0.13822115384615385 0.33533653846153844 0.03365384615384615 0.08774038461538461
0 0.9278846153846154 0.3137019230769231 0.0829326923076923 0.20793269230769232
0 0.96875 0.7043269230769231 0.052884615384615384 0.23798076923076922