0 0.9266826923076923 0.29447115384615385 0.08173076923076923 0.23557692307692307
3 0.9290865384615384 0.296875 0.04807692307692308 0.11298076923076923
2 0.5144230769230769 0.8954326923076923 0.042067307692307696 0.18990384615384615
2 0.6838942307692307 0.7415865384615384 0.042067307692307696 0.18870192307692307
2 0.8269230769230769 0.4699519230769231 0.042067307692307696 0.17908653846153846
2 0.40384615384615385 0.6574519230769231 0.04326923076923077 0.18990384615384615
2 0.40865384615384615 0.46033653846153844 0.02403846153846154 0.14903846153846154
2 0.5348557692307693 0.5456730769230769 0.042067307692307696 0.18990384615384615
2 0.5877403846153846 0.6225961538461539 0.042067307692307696 0.18870192307692307
2 0.7175480769230769 0.5348557692307693 0.042067307692307696 0.16105769230769232
2 0.6550480769230769 0.5216346153846154 0.042067307692307696 0.14302884615384615
0 0.14543269230769232 0.3449519230769231 0.056490384615384616 0.23798076923076922
3 0.9771634615384616 0.6838942307692307 0.04326923076923077 0.11298076923076923
3 0.14182692307692307 0.3449519230769231 0.03365384615384615 0.08774038461538461
0 0.9651442307692307 0.6850961538461539 0.06610576923076923 0.21514423076923078