3 0.1466346153846154 0.328125 0.03485576923076923 0.08774038461538461
3 0.9314903846153846 0.2824519230769231 0.046875 0.11298076923076923
2 0.8305288461538461 0.44350961538461536 0.042067307692307696 0.18870192307692307
2 0.5480769230769231 0.5432692307692307 0.042067307692307696 0.18870192307692307
2 0.5901442307692307 0.6081730769230769 0.042067307692307696 0.18990384615384615
2 0.5228365384615384 0.8846153846153846 0.042067307692307696 0.18870192307692307
2 0.6911057692307693 0.7199519230769231 0.042067307692307696 0.18990384615384615
3 0.9807692307692307 0.65625 0.037259615384615384 0.11298076923076923
0 0.9242788461538461 0.2644230769230769 0.07211538461538461 0.22596153846153846
0 0.15384615384615385 0.32211538461538464 0.057692307692307696 0.23798076923076922
2 0.7223557692307693 0.5096153846153846 0.042067307692307696 0.18870192307692307
0 0.9699519230769231 0.6742788461538461 0.057692307692307696 0.20673076923076922