0 0.9182692307692307 0.265625 0.08173076923076923 0.20673076923076922
3 0.9759615384615384 0.6634615384615384 0.04567307692307692 0.11298076923076923
3 0.9242788461538461 0.25961538461538464 0.04807692307692308 0.11298076923076923
0 0.9699519230769231 0.671875 0.057692307692307696 0.21754807692307693
3 0.15865384615384615 0.3233173076923077 0.03365384615384615 0.08774038461538461
2 0.4254807692307692 0.6298076923076923 0.038461538461538464 0.1622596153846154
2 0.5276442307692307 0.8653846153846154 0.042067307692307696 0.18870192307692307
2 0.6959134615384616 0.7079326923076923 0.04326923076923077 0.18990384615384615
2 0.5925480769230769 0.5997596153846154 0.03365384615384615 0.16105769230769232
2 0.5528846153846154 0.5336538461538461 0.03245192307692308 0.15264423076923078
2 0.71875 0.5024038461538461 0.03245192307692308 0.1658653846153846
0 0.16346153846153846 0.3425480769230769 0.057692307692307696 0.23918269230769232