3 0.18870192307692307 0.31971153846153844 0.03485576923076923 0.08774038461538461
0 0.9230769230769231 0.2644230769230769 0.08173076923076923 0.20793269230769232
3 0.9290865384615384 0.2644230769230769 0.04807692307692308 0.11298076923076923
2 0.6057692307692307 0.6033653846153846 0.04326923076923077 0.15745192307692307
2 0.7067307692307693 0.7007211538461539 0.042067307692307696 0.18990384615384615
2 0.5324519230769231 0.84375 0.042067307692307696 0.23197115384615385
2 0.7307692307692307 0.49278846153846156 0.04326923076923077 0.18870192307692307
0 0.19110576923076922 0.3233173076923077 0.056490384615384616 0.23918269230769232
2 0.45072115384615385 0.4387019230769231 0.042067307692307696 0.14543269230769232
2 0.5600961538461539 0.5180288461538461 0.042067307692307696 0.18870192307692307
2 0.8269230769230769 0.4182692307692308 0.042067307692307696 0.18870192307692307