2 0.7055288461538461 0.6983173076923077 0.042067307692307696 0.18870192307692307
0 0.1971153846153846 0.3233173076923077 0.056490384615384616 0.23918269230769232
2 0.4387019230769231 0.6201923076923077 0.042067307692307696 0.18990384615384615
2 0.5649038461538461 0.5252403846153846 0.042067307692307696 0.18870192307692307
2 0.6670673076923077 0.49038461538461536 0.030048076923076924 0.15504807692307693
2 0.6033653846153846 0.6105769230769231 0.03125 0.16706730769230768
2 0.5300480769230769 0.8293269230769231 0.042067307692307696 0.21514423076923078
2 0.8233173076923077 0.43028846153846156 0.042067307692307696 0.18870192307692307
3 0.19471153846153846 0.3317307692307692 0.03485576923076923 0.08774038461538461
0 0.9158653846153846 0.27524038461538464 0.0829326923076923 0.20673076923076922
3 0.9278846153846154 0.2668269230769231 0.046875 0.11298076923076923
2 0.7283653846153846 0.4987980769230769 0.030048076923076924 0.15504807692307693