3 0.8329326923076923 0.3016826923076923 0.04807692307692308 0.11298076923076923
0 0.8341346153846154 0.2980769230769231 0.06129807692307692 0.20673076923076922
2 0.37259615384615385 0.47475961538461536 0.038461538461538464 0.140625
2 0.6442307692307693 0.5805288461538461 0.042067307692307696 0.18870192307692307
2 0.34975961538461536 0.6322115384615384 0.042067307692307696 0.18990384615384615
2 0.7512019230769231 0.4807692307692308 0.042067307692307696 0.18870192307692307
3 0.14543269230769232 0.34375 0.03365384615384615 0.08774038461538461
2 0.4170673076923077 0.8545673076923077 0.042067307692307696 0.18870192307692307
2 0.5997596153846154 0.8112980769230769 0.042067307692307696 0.18870192307692307
2 0.4723557692307692 0.6346153846153846 0.042067307692307696 0.18870192307692307
2 0.5216346153846154 0.7151442307692307 0.042067307692307696 0.18870192307692307
0 0.15144230769230768 0.34615384615384615 0.0625 0.23798076923076922