2 0.5228365384615384 0.7151442307692307 0.042067307692307696 0.18870192307692307
0 0.8377403846153846 0.30288461538461536 0.0673076923076923 0.20673076923076922
3 0.8389423076923077 0.30649038461538464 0.04807692307692308 0.11298076923076923
2 0.6069711538461539 0.8305288461538461 0.042067307692307696 0.18870192307692307
2 0.4098557692307692 0.8605769230769231 0.042067307692307696 0.18870192307692307
2 0.46875 0.671875 0.042067307692307696 0.18870192307692307
2 0.515625 0.27163461538461536 0.042067307692307696 0.16826923076923078
0 0.14423076923076922 0.3605769230769231 0.056490384615384616 0.23918269230769232
2 0.7584134615384616 0.49278846153846156 0.05048076923076923 0.15384615384615385
2 0.6490384615384616 0.6021634615384616 0.042067307692307696 0.18990384615384615
2 0.33052884615384615 0.6526442307692307 0.03245192307692308 0.17067307692307693
2 0.5757211538461539 0.5901442307692307 0.042067307692307696 0.18990384615384615