2 0.5324519230769231 0.7536057692307693 0.042067307692307696 0.18870192307692307
0 0.8461538461538461 0.30649038461538464 0.06971153846153846 0.20673076923076922
3 0.8485576923076923 0.3076923076923077 0.04807692307692308 0.11298076923076923
2 0.6081730769230769 0.8377403846153846 0.042067307692307696 0.18990384615384615
0 0.13341346153846154 0.3641826923076923 0.056490384615384616 0.23798076923076922
2 0.32091346153846156 0.6742788461538461 0.042067307692307696 0.1622596153846154
2 0.4170673076923077 0.8990384615384616 0.04927884615384615 0.18870192307692307
2 0.47836538461538464 0.6983173076923077 0.042067307692307696 0.18870192307692307
2 0.5853365384615384 0.6225961538461539 0.042067307692307696 0.18870192307692307
2 0.3641826923076923 0.5300480769230769 0.042067307692307696 0.18870192307692307
2 0.7620192307692307 0.5072115384615384 0.042067307692307696 0.18990384615384615