0 0.2848557692307692 0.14543269230769232 0.06850961538461539 0.06971153846153846
2 0.5540865384615384 0.6923076923076923 0.08413461538461539 0.22355769230769232
2 0.31009615384615385 0.6081730769230769 0.06971153846153846 0.16947115384615385
2 0.2403846153846154 0.5661057692307693 0.09495192307692307 0.15504807692307693
2 0.5132211538461539 0.4891826923076923 0.06009615384615385 0.09975961538461539
2 0.6105769230769231 0.47115384615384615 0.06129807692307692 0.09975961538461539
2 0.8052884615384616 0.4795673076923077 0.04807692307692308 0.052884615384615384
2 0.25841346153846156 0.328125 0.04567307692307692 0.06971153846153846
2 0.7487980769230769 0.546875 0.08774038461538461 0.12259615384615384
2 0.9074519230769231 0.6189903846153846 0.14182692307692307 0.16105769230769232
3 0.29086538461538464 0.12740384615384615 0.007211538461538462 0.030048076923076924
3 0.2824519230769231 0.1310096153846154 0.007211538461538462 0.030048076923076924