2 0.5576923076923077 0.33413461538461536 0.04567307692307692 0.037259615384615384
2 0.21153846153846154 0.6754807692307693 0.09014423076923077 0.21394230769230768
2 0.27283653846153844 0.71875 0.09615384615384616 0.25961538461538464
2 0.5925480769230769 0.8137019230769231 0.13221153846153846 0.3449519230769231
2 0.5372596153846154 0.53125 0.06129807692307692 0.0985576923076923
3 0.27884615384615385 0.140625 0.007211538461538462 0.030048076923076924
2 0.6237980769230769 0.5024038461538461 0.06009615384615385 0.0985576923076923
2 0.6706730769230769 0.4567307692307692 0.06129807692307692 0.0985576923076923
2 0.7980769230769231 0.6274038461538461 0.09254807692307693 0.14903846153846154
2 0.24639423076923078 0.3701923076923077 0.054086538461538464 0.07091346153846154
2 0.8485576923076923 0.53125 0.08653846153846154 0.0733173076923077
2 0.49759615384615385 0.36658653846153844 0.030048076923076924 0.08653846153846154
2 0.6274038461538461 0.3425480769230769 0.042067307692307696 0.052884615384615384
2 0.8521634615384616 0.4411057692307692 0.05048076923076923 0.06370192307692307
0 0.2764423076923077 0.13701923076923078 0.07211538461538461 0.06610576923076923