0 0.2764423076923077 0.140625 0.07451923076923077 0.06610576923076923
2 0.6826923076923077 0.5036057692307693 0.06009615384615385 0.0985576923076923
2 0.8329326923076923 0.6742788461538461 0.12139423076923077 0.17307692307692307
2 0.8762019230769231 0.5745192307692307 0.08774038461538461 0.10336538461538461
2 0.8641826923076923 0.4543269230769231 0.07572115384615384 0.07692307692307693
3 0.28365384615384615 0.1310096153846154 0.007211538461538462 0.030048076923076924
3 0.27403846153846156 0.13581730769230768 0.007211538461538462 0.030048076923076924
2 0.6334134615384616 0.33533653846153844 0.038461538461538464 0.07692307692307693
2 0.234375 0.3870192307692308 0.06009615384615385 0.09975961538461539
2 0.17548076923076922 0.7620192307692307 0.12379807692307693 0.29086538461538464
2 0.2548076923076923 0.765625 0.125 0.2536057692307692
2 0.5997596153846154 0.8533653846153846 0.14423076923076922 0.27524038461538464
2 0.5492788461538461 0.5721153846153846 0.09254807692307693 0.13341346153846154
2 0.6442307692307693 0.5408653846153846 0.08173076923076923 0.11778846153846154