2 0.22596153846153846 0.39903846153846156 0.06009615384615385 0.06971153846153846
2 0.234375 0.8485576923076923 0.15264423076923078 0.3004807692307692
2 0.5552884615384616 0.6105769230769231 0.08774038461538461 0.17307692307692307
2 0.8774038461538461 0.7331730769230769 0.1310096153846154 0.17668269230769232
2 0.6730769230769231 0.5865384615384616 0.09375 0.13221153846153846
2 0.7043269230769231 0.5216346153846154 0.06129807692307692 0.0985576923076923
3 0.27283653846153844 0.13701923076923078 0.007211538461538462 0.030048076923076924
2 0.16105769230769232 0.8293269230769231 0.13221153846153846 0.33774038461538464
2 0.9110576923076923 0.6009615384615384 0.14423076923076922 0.1310096153846154
2 0.7055288461538461 0.32572115384615385 0.052884615384615384 0.06009615384615385
2 0.9483173076923077 0.44471153846153844 0.10216346153846154 0.06009615384615385
2 0.8966346153846154 0.47836538461538464 0.10336538461538461 0.06129807692307692
0 0.265625 0.14302884615384615 0.07451923076923077 0.06370192307692307