2 0.7487980769230769 0.8894230769230769 0.025240384615384616 0.109375
2 0.8545673076923077 0.45072115384615385 0.025240384615384616 0.109375
2 0.765625 0.38461538461538464 0.025240384615384616 0.109375
2 0.6730769230769231 0.3894230769230769 0.025240384615384616 0.109375
2 0.36899038461538464 0.39663461538461536 0.025240384615384616 0.09975961538461539
2 0.5060096153846154 0.5612980769230769 0.025240384615384616 0.09975961538461539
2 0.5853365384615384 0.5024038461538461 0.025240384615384616 0.09975961538461539
2 0.5709134615384616 0.33774038461538464 0.025240384615384616 0.0985576923076923
2 0.3161057692307692 0.4831730769230769 0.025240384615384616 0.09975961538461539
2 0.4855769230769231 0.37740384615384615 0.025240384615384616 0.09975961538461539
2 0.6899038461538461 0.5036057692307693 0.025240384615384616 0.10817307692307693
2 0.6069711538461539 0.3942307692307692 0.025240384615384616 0.109375
2 0.4495192307692308 0.6947115384615384 0.025240384615384616 0.109375