2 0.3269230769230769 0.5120192307692307 0.025240384615384616 0.09975961538461539
2 0.7379807692307693 0.9050480769230769 0.025240384615384616 0.09975961538461539
2 0.8377403846153846 0.4795673076923077 0.025240384615384616 0.09975961538461539
2 0.7596153846153846 0.4170673076923077 0.025240384615384616 0.09975961538461539
2 0.6838942307692307 0.5288461538461539 0.025240384615384616 0.09975961538461539
2 0.6622596153846154 0.41466346153846156 0.025240384615384616 0.0985576923076923
2 0.6045673076923077 0.41225961538461536 0.025240384615384616 0.09975961538461539
2 0.5324519230769231 0.3762019230769231 0.025240384615384616 0.09975961538461539
0 0.040865384615384616 0.6165865384615384 0.08173076923076923 0.2644230769230769
2 0.453125 0.7019230769230769 0.025240384615384616 0.09975961538461539
2 0.4543269230769231 0.4362980769230769 0.025240384615384616 0.09975961538461539